

TREE # 1

  0  0.0000   7504.010314  x:  0.09782   0.02565   0.10620   0.10992   0.04250   0.05052   0.09647   0.10914   0.07613   0.04110   0.03941   0.04939   0.07799   0.08152   0.01620   0.01872   0.03423   0.09115   0.07682   0.05827   0.08451   0.06364   0.05384   0.10227   0.01338   0.06989   0.06391   0.09048   0.09129   0.08591   0.08932   0.05172   0.04465   0.08157   0.10664   0.03174   0.10989   0.08104   0.10477   0.01410   0.10105   0.08103   0.10952   0.05716   0.09566   0.08765   0.10692   0.04606   0.01850   0.10785   0.03245   0.35619   0.42892  
  1 99.0000   7225.231357  x:  0.08483   0.02439   0.11895   0.09598   0.03731   0.03718   0.08819   0.09815   0.06238   0.04381   0.08119   0.04011   0.06626   0.09574   0.04333   0.00507   0.02664   0.09927   0.09232   0.04507   0.07110   0.06698   0.05467   0.09204   0.07809   0.05739   0.05404   0.07741   0.07987   0.09745   0.08212   0.03792   0.05933   0.07899   0.09303   0.01885   0.12060   0.07274   0.09145   0.00000   0.09267   0.07561   0.09662   0.04361   0.08777   0.11738   0.09468   0.04528   0.03204   0.11726   0.02990   0.40110   0.40729  
  2 3174.0160   7161.881270  x:  0.08007   0.02347   0.12255   0.09076   0.03536   0.03232   0.08535   0.09401   0.05721   0.04327   0.08402   0.03791   0.06192   0.09883   0.04208   0.00000   0.02437   0.10136   0.09605   0.04016   0.06612   0.06799   0.05471   0.08726   0.07351   0.05259   0.05036   0.07217   0.07482   0.10040   0.07964   0.03286   0.06289   0.07717   0.08796   0.01427   0.12380   0.06960   0.08655   0.00000   0.08952   0.07416   0.09183   0.03848   0.08473   0.12362   0.09042   0.04500   0.03208   0.11984   0.02920   0.41466   0.39947  
  3 3729.8409   6983.327140  x:  0.05669   0.01887   0.12351   0.06202   0.02971   0.01047   0.07612   0.07637   0.02883   0.03863   0.07260   0.04688   0.04261   0.09434   0.04776   0.00000   0.02851   0.10095   0.08848   0.01557   0.03870   0.06589   0.05526   0.06343   0.08073   0.02938   0.03940   0.04369   0.04731   0.09757   0.07156   0.00551   0.04331   0.07128   0.06048   0.00000   0.12700   0.05414   0.06129   0.00000   0.07338   0.07813   0.06693   0.00954   0.06819   0.11084   0.07455   0.04690   0.03024   0.12060   0.03462   0.43633   0.36611  
  4 3372.5756   6952.111154  x:  0.05246   0.01898   0.12263   0.05542   0.02878   0.00862   0.07534   0.07320   0.02232   0.03714   0.07355   0.05034   0.03957   0.09299   0.04722   0.00000   0.02982   0.10014   0.08707   0.01076   0.03266   0.06531   0.05565   0.05891   0.08157   0.02524   0.03887   0.03710   0.04136   0.09639   0.07103   0.00000   0.04834   0.07090   0.05439   0.00000   0.12670   0.05163   0.05601   0.00000   0.07005   0.08040   0.06207   0.00280   0.06500   0.10931   0.07269   0.04710   0.03016   0.11985   0.03482   0.43498   0.36095  
  5 5105.0296   6941.960993  x:  0.05114   0.01874   0.12251   0.05270   0.02847   0.00945   0.07534   0.07185   0.01963   0.03614   0.07477   0.05184   0.03888   0.09304   0.04680   0.00000   0.03013   0.09998   0.08728   0.00913   0.03026   0.06521   0.05588   0.05756   0.08147   0.02412   0.03908   0.03438   0.03921   0.09632   0.07110   0.00000   0.04799   0.07080   0.05193   0.00000   0.12670   0.05094   0.05394   0.00000   0.06881   0.08138   0.06038   0.00000   0.06384   0.11015   0.07259   0.04708   0.03025   0.11966   0.03461   0.43384   0.35960  
  6 6538.2353   6881.697645  x:  0.04523   0.01434   0.12431   0.03309   0.02397   0.00824   0.07636   0.05948   0.00000   0.02513   0.07748   0.06479   0.03753   0.09544   0.04693   0.00000   0.03089   0.10048   0.08931   0.00051   0.01353   0.06475   0.05751   0.05219   0.08165   0.02077   0.04136   0.01471   0.02599   0.09781   0.07231   0.00000   0.04806   0.07037   0.03431   0.00000   0.12872   0.04649   0.03920   0.00000   0.05980   0.08816   0.05019   0.00000   0.05475   0.11549   0.07797   0.04709   0.03018   0.11977   0.03394   0.42760   0.35458  
  7 11647.7725   6878.612149  x:  0.04488   0.01407   0.12442   0.03195   0.02371   0.00816   0.07642   0.05877   0.00000   0.02449   0.07764   0.06554   0.03745   0.09558   0.04694   0.00000   0.03094   0.10051   0.08943   0.00000   0.01256   0.06473   0.05761   0.05188   0.08166   0.02058   0.04149   0.01357   0.02522   0.09789   0.07239   0.00000   0.04806   0.07034   0.03329   0.00000   0.12883   0.04623   0.03834   0.00000   0.05928   0.08855   0.04960   0.00000   0.05422   0.11581   0.07827   0.04709   0.03018   0.11978   0.03390   0.42723   0.35429  
  8 18297988.8961   6846.651113  x:  0.04144   0.01669   0.12561   0.01845   0.02296   0.00691   0.07745   0.04955   0.00000   0.02038   0.07700   0.07243   0.03740   0.09812   0.04764   0.00000   0.03155   0.10119   0.09150   0.00000   0.00128   0.06431   0.05913   0.04930   0.08199   0.01922   0.04359   0.00000   0.01780   0.09956   0.07355   0.00000   0.04798   0.07011   0.02104   0.00000   0.12994   0.04492   0.02780   0.00000   0.05408   0.09239   0.04219   0.00000   0.04800   0.12024   0.08186   0.04703   0.03003   0.12011   0.03349   0.42249   0.35110  
  9 15073.5319   6843.701349  x:  0.04112   0.01641   0.12569   0.01687   0.02306   0.00692   0.07757   0.04839   0.00000   0.02019   0.07697   0.07298   0.03744   0.09836   0.04767   0.00000   0.03161   0.10127   0.09166   0.00000   0.00000   0.06430   0.05923   0.04909   0.08203   0.01916   0.04381   0.00000   0.01720   0.09973   0.07367   0.00000   0.04804   0.07008   0.01960   0.00000   0.13003   0.04495   0.02650   0.00000   0.05361   0.09272   0.04126   0.00000   0.04728   0.12059   0.08230   0.04703   0.03002   0.12016   0.03346   0.42203   0.35077  
 10 13682.1603   6817.598592  x:  0.03782   0.01451   0.12614   0.00000   0.02298   0.00572   0.07887   0.03686   0.00000   0.01530   0.07791   0.07717   0.03777   0.10025   0.04739   0.00000   0.03226   0.10183   0.09284   0.00000   0.00000   0.06469   0.05968   0.04699   0.08231   0.01854   0.04611   0.00000   0.01278   0.10099   0.07481   0.00000   0.04827   0.06994   0.00442   0.00000   0.13063   0.04610   0.01216   0.00000   0.04988   0.09559   0.03049   0.00000   0.04013   0.12387   0.08696   0.04705   0.03000   0.12043   0.03306   0.41703   0.34757  
 11 31451.7926   6811.814125  x:  0.03677   0.01401   0.12642   0.00000   0.02218   0.00587   0.07923   0.03378   0.00000   0.01429   0.07779   0.07866   0.03782   0.10062   0.04786   0.00000   0.03215   0.10188   0.09333   0.00000   0.00000   0.06487   0.05959   0.04596   0.08231   0.01823   0.04672   0.00000   0.01204   0.10127   0.07515   0.00000   0.04846   0.07002   0.00000   0.00000   0.13097   0.04636   0.00781   0.00000   0.04919   0.09637   0.02692   0.00000   0.03836   0.12495   0.08833   0.04705   0.02993   0.12045   0.03291   0.41565   0.34678  
 12 16969.0547   6804.288835  x:  0.03492   0.01316   0.12693   0.00000   0.02181   0.00454   0.07989   0.02877   0.00000   0.01362   0.07860   0.08186   0.03789   0.10110   0.04819   0.00000   0.03175   0.10186   0.09420   0.00000   0.00000   0.06512   0.05947   0.04368   0.08202   0.01770   0.04779   0.00000   0.01119   0.10163   0.07582   0.00000   0.04834   0.07029   0.00000   0.00000   0.13169   0.04664   0.00000   0.00000   0.04836   0.09779   0.01997   0.00000   0.03554   0.12683   0.09098   0.04703   0.03004   0.12040   0.03260   0.41316   0.34582  
 13 10262.7719   6791.901204  x:  0.02949   0.01180   0.12853   0.00000   0.02559   0.00457   0.08128   0.01694   0.00000   0.00852   0.07848   0.08904   0.03794   0.10302   0.04837   0.00000   0.03070   0.10234   0.09603   0.00000   0.00000   0.06571   0.05971   0.03731   0.08245   0.01663   0.05007   0.00000   0.00941   0.10313   0.07732   0.00000   0.04907   0.07072   0.00000   0.00000   0.13372   0.04782   0.00000   0.00000   0.04756   0.10040   0.00000   0.00000   0.02915   0.13022   0.09747   0.04708   0.03028   0.12075   0.03231   0.40910   0.34359  
 14 4094.0847   6782.907370  x:  0.02057   0.01146   0.12851   0.00000   0.02233   0.00397   0.08280   0.00000   0.00000   0.00784   0.07848   0.08883   0.03753   0.10630   0.04489   0.00000   0.03254   0.10381   0.09628   0.00000   0.00000   0.06812   0.05920   0.03119   0.08436   0.01571   0.05274   0.00000   0.00597   0.10526   0.07811   0.00000   0.04926   0.06970   0.00000   0.00000   0.13381   0.05382   0.00000   0.00000   0.05076   0.10024   0.00000   0.00000   0.02422   0.13202   0.10347   0.04699   0.02870   0.12155   0.03145   0.40571   0.33893  
 15 467.6976   6782.590013  x:  0.02179   0.01152   0.12853   0.00000   0.02279   0.00405   0.08260   0.00000   0.00000   0.00794   0.07851   0.08877   0.03759   0.10583   0.04548   0.00000   0.03232   0.10362   0.09624   0.00000   0.00000   0.06780   0.05922   0.03194   0.08402   0.01580   0.05239   0.00000   0.00656   0.10497   0.07799   0.00000   0.04924   0.06981   0.00000   0.00129   0.13382   0.05309   0.00000   0.00000   0.05023   0.10026   0.00000   0.00000   0.02475   0.13177   0.10277   0.04702   0.02902   0.12147   0.03159   0.40623   0.33929  
 16 1093.5189   6761.090481  x:  0.01763   0.01254   0.13022   0.00000   0.02314   0.00381   0.08410   0.00000   0.00000   0.00907   0.08167   0.07733   0.03859   0.10538   0.05946   0.00000   0.03834   0.10602   0.09609   0.00000   0.00000   0.07041   0.05282   0.01886   0.07422   0.01105   0.05587   0.00000   0.02006   0.10671   0.07651   0.00000   0.04979   0.06475   0.00000   0.00084   0.13487   0.06543   0.00000   0.00000   0.04007   0.09976   0.00000   0.00000   0.00335   0.13246   0.12292   0.04939   0.04239   0.12581   0.03489   0.41238   0.29979  
 17 248.1587   6737.489459  x:  0.00606   0.01420   0.13404   0.00000   0.02419   0.00347   0.08628   0.00000   0.00000   0.00901   0.08667   0.06993   0.03983   0.10621   0.06952   0.00000   0.04534   0.11028   0.09461   0.00000   0.00000   0.07505   0.04583   0.00000   0.06620   0.00603   0.06034   0.00000   0.03085   0.11005   0.07477   0.00000   0.05056   0.05818   0.00000   0.00036   0.13894   0.08100   0.00000   0.00000   0.02360   0.10155   0.00000   0.00000   0.01182   0.13323   0.15926   0.05182   0.05069   0.13218   0.03784   0.42204   0.24507  
 18 1464.1810   6737.489459  x:  0.00606   0.01420   0.13404   0.00000   0.02419   0.00347   0.08628   0.00000   0.00000   0.00901   0.08667   0.06993   0.03983   0.10621   0.06952   0.00000   0.04534   0.11028   0.09461   0.00000   0.00000   0.07505   0.04583   0.00000   0.06620   0.00603   0.06034   0.00000   0.03085   0.11005   0.07477   0.00000   0.05056   0.05818   0.00000   0.00036   0.13894   0.08100   0.00000   0.00000   0.02360   0.10155   0.00000   0.00000   0.01182   0.13323   0.15926   0.05182   0.05069   0.13218   0.03784   0.42204   0.24507  
 19 7638.7819   6681.507844  x:  0.00821   0.01304   0.14357   0.00000   0.01830   0.00061   0.07868   0.00000   0.00000   0.01301   0.10582   0.06505   0.03154   0.11436   0.06662   0.00000   0.03872   0.11500   0.10621   0.00000   0.00000   0.07752   0.04853   0.03180   0.07576   0.00000   0.05010   0.00000   0.01679   0.11699   0.06874   0.07359   0.06917   0.05664   0.00000   0.00668   0.14738   0.07016   0.00000   0.00000   0.02143   0.09752   0.00000   0.00000   0.01136   0.15282   0.14909   0.04976   0.04803   0.13801   0.03305   0.45805   0.23133  
 20 2483.4335   6637.824389  x:  0.01025   0.01177   0.15476   0.00000   0.01164   0.00413   0.06969   0.00000   0.00000   0.01702   0.12793   0.05943   0.02154   0.12391   0.06320   0.00000   0.03071   0.12057   0.11971   0.00000   0.00000   0.08029   0.05182   0.06390   0.08683   0.03136   0.03808   0.00000   0.00000   0.12514   0.06161   0.14967   0.09010   0.05481   0.00000   0.01210   0.15727   0.05721   0.00000   0.00000   0.01901   0.09277   0.00000   0.00000   0.01088   0.17568   0.13695   0.04738   0.04493   0.14489   0.02749   0.50054   0.21514  
 21 20467.8688   6577.021320  x:  0.00626   0.01267   0.16402   0.00000   0.01412   0.00099   0.06135   0.00000   0.00000   0.01220   0.14148   0.05666   0.01044   0.13147   0.06046   0.00000   0.02129   0.12530   0.12931   0.00000   0.00000   0.08087   0.05534   0.05465   0.09294   0.03038   0.02673   0.00000   0.00000   0.13175   0.05530   0.14574   0.09777   0.05316   0.00000   0.00000   0.16546   0.04372   0.00000   0.00000   0.01944   0.08852   0.00000   0.00000   0.01151   0.19282   0.12405   0.04610   0.04299   0.15089   0.02490   0.53876   0.20130  
 22 1444.8980   6529.048074  x:  0.00483   0.01349   0.17362   0.00000   0.01544   0.01477   0.05277   0.00000   0.00000   0.00881   0.15506   0.05419   0.00000   0.13923   0.05788   0.00000   0.01159   0.13022   0.13907   0.00000   0.00000   0.08131   0.05880   0.04350   0.09899   0.02615   0.01549   0.00000   0.00000   0.13853   0.04895   0.13920   0.10518   0.05145   0.00000   0.00179   0.17410   0.02997   0.00000   0.00000   0.01983   0.08415   0.00000   0.00000   0.01178   0.21041   0.10994   0.04497   0.04118   0.15716   0.02291   0.57935   0.18777  
 23 8300.9524   6481.886937  x:  0.01224   0.01393   0.18858   0.00000   0.01316   0.02109   0.04039   0.00000   0.00000   0.01300   0.17531   0.05197   0.02836   0.15155   0.05620   0.00000   0.00000   0.13806   0.15376   0.00000   0.00000   0.08142   0.06363   0.02469   0.10786   0.02215   0.00397   0.00000   0.00000   0.14876   0.04058   0.12701   0.11600   0.04889   0.00000   0.01100   0.18767   0.01001   0.00000   0.00000   0.01986   0.07759   0.00000   0.00000   0.01106   0.23762   0.08571   0.04387   0.03910   0.16705   0.02236   0.64601   0.17088  
 24 3791.4696   6462.625523  x:  0.01531   0.01384   0.19704   0.00000   0.01175   0.02417   0.03394   0.00000   0.00000   0.01503   0.18670   0.05082   0.04043   0.15841   0.05519   0.00000   0.01202   0.14268   0.16220   0.00000   0.00000   0.08151   0.06605   0.01420   0.11284   0.02001   0.00469   0.00000   0.00000   0.15451   0.03629   0.12037   0.12210   0.04745   0.00000   0.01555   0.19538   0.00161   0.00000   0.00000   0.01975   0.07401   0.00000   0.00000   0.01062   0.25306   0.07164   0.04335   0.03806   0.17267   0.02244   0.68451   0.16260  
 25 6598.0266   6432.049606  x:  0.01852   0.01341   0.20854   0.00000   0.00978   0.02737   0.02617   0.00000   0.00000   0.01691   0.20215   0.04914   0.05422   0.16763   0.05380   0.00000   0.02124   0.14887   0.17356   0.00000   0.00000   0.08186   0.06878   0.00000   0.11956   0.01736   0.00977   0.00000   0.00000   0.16227   0.03112   0.11196   0.13043   0.04553   0.00000   0.02137   0.20592   0.01417   0.00000   0.00000   0.01931   0.06941   0.00000   0.00000   0.00977   0.27413   0.05240   0.04276   0.03680   0.18031   0.02289   0.73761   0.15295  
 26 7180.0672   6401.345606  x:  0.00579   0.00620   0.22214   0.00000   0.02135   0.02534   0.05762   0.00000   0.00000   0.01517   0.21719   0.04305   0.06081   0.17616   0.05492   0.00000   0.01331   0.15511   0.18448   0.00000   0.00000   0.08785   0.05518   0.00000   0.12379   0.01601   0.04318   0.00000   0.00000   0.16933   0.05031   0.09539   0.13753   0.04414   0.00000   0.03401   0.21898   0.00856   0.00000   0.00000   0.01798   0.07072   0.00000   0.00000   0.01532   0.30099   0.02630   0.04621   0.04051   0.18987   0.03682   0.83082   0.19583  
 27 937.7658   6388.939654  x:  0.01659   0.03885   0.22574   0.00000   0.00988   0.01829   0.07367   0.00000   0.00000   0.01451   0.21840   0.04081   0.05644   0.17594   0.05617   0.00000   0.01414   0.15579   0.18530   0.00000   0.00000   0.09172   0.04147   0.00000   0.12073   0.01623   0.04215   0.00000   0.00000   0.16884   0.06077   0.07801   0.13600   0.04471   0.00000   0.04234   0.22294   0.00873   0.00000   0.00000   0.01968   0.07523   0.00000   0.00000   0.00837   0.31118   0.03318   0.04760   0.04183   0.19250   0.04031   0.89522   0.22588  
 28 827.2044   6363.094633  x:  0.00892   0.02495   0.21966   0.00000   0.00540   0.00275   0.08148   0.00000   0.00000   0.01667   0.20344   0.04592   0.05247   0.16434   0.05835   0.00000   0.02426   0.14956   0.17370   0.00000   0.00000   0.09386   0.03306   0.00000   0.10632   0.01827   0.00890   0.00000   0.00000   0.15810   0.06430   0.04247   0.12243   0.04724   0.00000   0.06449   0.21916   0.01577   0.00000   0.00000   0.01506   0.08481   0.00000   0.00000   0.01648   0.31036   0.06480   0.04584   0.03998   0.18824   0.03178   0.99534   0.25539  
 29 610.5054   6355.458487  x:  0.01187   0.02269   0.21519   0.00000   0.01814   0.00034   0.07989   0.00000   0.00000   0.01652   0.19513   0.04731   0.05194   0.15827   0.05877   0.00000   0.02505   0.14584   0.16720   0.00000   0.00000   0.09374   0.03530   0.00000   0.10046   0.01882   0.00697   0.00000   0.00000   0.15264   0.06264   0.02890   0.11619   0.04807   0.00000   0.06853   0.21569   0.01644   0.00000   0.00000   0.01722   0.08768   0.00000   0.00000   0.01012   0.30670   0.07645   0.04478   0.03917   0.18502   0.02730   1.03265   0.26184  
 30 1134.7208   6348.827658  x:  0.01357   0.01920   0.20885   0.00000   0.02854   0.00565   0.07805   0.00000   0.00000   0.01606   0.18370   0.04906   0.05528   0.14997   0.05944   0.00000   0.02573   0.14068   0.15821   0.00000   0.00000   0.09359   0.03797   0.00000   0.09264   0.01801   0.00618   0.00000   0.00000   0.14512   0.06059   0.01194   0.10786   0.04921   0.00000   0.06308   0.21059   0.01725   0.00000   0.00000   0.01944   0.09159   0.00000   0.00000   0.00384   0.30121   0.09273   0.04339   0.03816   0.18044   0.02143   1.08155   0.27065  
 31 4758.2959   6342.471276  x:  0.01649   0.01885   0.20411   0.00000   0.03001   0.00615   0.07400   0.00000   0.00000   0.01519   0.17577   0.04975   0.05493   0.14449   0.05942   0.00000   0.02353   0.13711   0.15208   0.00000   0.00000   0.09288   0.04125   0.00000   0.08841   0.01793   0.01284   0.00000   0.00000   0.14028   0.05758   0.00000   0.10255   0.04971   0.00000   0.06248   0.20666   0.01595   0.00000   0.00000   0.02072   0.09314   0.00000   0.00000   0.00936   0.29622   0.10179   0.04263   0.03779   0.17700   0.01900   1.11093   0.27269  
 32 1937.3252   6342.471276  x:  0.01649   0.01885   0.20411   0.00000   0.03001   0.00615   0.07400   0.00000   0.00000   0.01519   0.17577   0.04975   0.05493   0.14449   0.05942   0.00000   0.02353   0.13711   0.15208   0.00000   0.00000   0.09288   0.04125   0.00000   0.08841   0.01793   0.01284   0.00000   0.00000   0.14028   0.05758   0.00000   0.10255   0.04971   0.00000   0.06248   0.20666   0.01595   0.00000   0.00000   0.02072   0.09314   0.00000   0.00000   0.00936   0.29622   0.10179   0.04263   0.03779   0.17700   0.01900   1.11093   0.27269  
 33 384.1797   6329.250366  x:  0.01057   0.01527   0.20490   0.00000   0.02383   0.00000   0.06889   0.00000   0.00000   0.01168   0.17736   0.04843   0.04756   0.14590   0.05806   0.00000   0.02094   0.13780   0.15355   0.00000   0.00000   0.09198   0.04393   0.00000   0.09106   0.00996   0.01450   0.00000   0.00000   0.14177   0.05430   0.01069   0.10395   0.04947   0.00000   0.05239   0.20717   0.01475   0.00000   0.00000   0.01963   0.09061   0.00000   0.00000   0.01052   0.29710   0.09547   0.04283   0.03811   0.17743   0.02204   1.11616   0.26483  
 34 863.8192   6317.679423  x:  0.00470   0.01172   0.20570   0.00000   0.01770   0.00117   0.06378   0.00000   0.00000   0.00822   0.17896   0.04711   0.04015   0.14733   0.05671   0.00000   0.01836   0.13850   0.15502   0.00000   0.00000   0.09107   0.04661   0.00000   0.09372   0.00199   0.01613   0.00000   0.00000   0.14327   0.05102   0.02087   0.10534   0.04922   0.00000   0.04224   0.20767   0.01356   0.00000   0.00000   0.01855   0.08807   0.00000   0.00000   0.01165   0.29798   0.08913   0.04303   0.03843   0.17787   0.02504   1.12142   0.25696  
 35 10741.4931   6288.741104  x:  0.00730   0.01092   0.20865   0.00000   0.00271   0.00109   0.04662   0.00000   0.00000   0.01094   0.18458   0.04336   0.01457   0.15230   0.05291   0.00000   0.01218   0.14112   0.16029   0.00000   0.00000   0.08815   0.05314   0.00000   0.10206   0.00536   0.01909   0.00000   0.00000   0.14842   0.04097   0.01396   0.10938   0.04713   0.00000   0.00456   0.20951   0.01398   0.00000   0.00000   0.01749   0.07959   0.00000   0.00000   0.01067   0.30124   0.06628   0.04333   0.03897   0.17953   0.02986   1.14088   0.23043  
 36 1242.7911   6285.873869  x:  0.00742   0.01087   0.20903   0.00000   0.00433   0.00105   0.04456   0.00000   0.00000   0.01094   0.18531   0.04297   0.01168   0.15294   0.05251   0.00000   0.01162   0.14147   0.16097   0.00000   0.00000   0.08779   0.05387   0.00000   0.10307   0.00504   0.01931   0.00000   0.00000   0.14907   0.03983   0.01305   0.10989   0.04689   0.00000   0.00000   0.20975   0.01407   0.00000   0.00000   0.01736   0.07857   0.00000   0.00000   0.01053   0.30168   0.06340   0.04337   0.03902   0.17975   0.03037   1.14343   0.22718  
 37 3156.0132   6281.009882  x:  0.00731   0.01104   0.21039   0.00000   0.00708   0.00086   0.03785   0.00000   0.00000   0.01061   0.18786   0.04179   0.00344   0.15520   0.05143   0.00000   0.01041   0.14274   0.16338   0.00000   0.00000   0.08662   0.05613   0.00000   0.10651   0.00299   0.01964   0.00000   0.00000   0.15134   0.03631   0.00919   0.11161   0.04615   0.00000   0.00255   0.21067   0.01586   0.00000   0.00000   0.01716   0.07512   0.00000   0.00000   0.01020   0.30324   0.05340   0.04346   0.03914   0.18056   0.03182   1.15261   0.21615  
 38 988.8660   6277.348231  x:  0.00672   0.01131   0.21166   0.00000   0.00882   0.00069   0.03234   0.00000   0.00000   0.01012   0.19019   0.04088   0.00057   0.15734   0.05088   0.00000   0.00991   0.14392   0.16560   0.00711   0.00000   0.08560   0.05795   0.00000   0.10952   0.00120   0.01969   0.00000   0.00000   0.15339   0.03360   0.00570   0.11315   0.04558   0.00000   0.00407   0.21153   0.01731   0.00000   0.00000   0.01717   0.07213   0.00000   0.00000   0.01018   0.30470   0.04449   0.04353   0.03921   0.18132   0.03290   1.16119   0.20654  
 39 2654.3198   6275.303550  x:  0.00418   0.01108   0.21288   0.00000   0.01041   0.00074   0.02923   0.00000   0.00000   0.00872   0.19236   0.04161   0.00345   0.15939   0.05110   0.00000   0.00781   0.14495   0.16758   0.00767   0.00000   0.08486   0.05911   0.00000   0.11206   0.00530   0.01948   0.00000   0.00000   0.15529   0.03226   0.00558   0.11452   0.04546   0.00000   0.00497   0.21234   0.01783   0.00000   0.00000   0.01745   0.06976   0.00000   0.00000   0.01100   0.30614   0.03715   0.04360   0.03918   0.18209   0.03372   1.16964   0.19901  
 40 878.1914   6272.729479  x:  0.00611   0.01279   0.21479   0.00000   0.01003   0.00063   0.03026   0.00000   0.00000   0.00971   0.19551   0.04476   0.00855   0.16232   0.05248   0.00000   0.00601   0.14649   0.17042   0.00516   0.00000   0.08430   0.05913   0.00000   0.11487   0.00156   0.01763   0.00000   0.00000   0.15797   0.03355   0.00395   0.11621   0.04591   0.00000   0.00463   0.21360   0.01767   0.00000   0.00000   0.01887   0.06751   0.00000   0.00000   0.01235   0.30848   0.02972   0.04364   0.03884   0.18338   0.03342   1.18334   0.19212  
 41 533.0745   6268.113116  x:  0.00459   0.01369   0.22070   0.00000   0.00987   0.00074   0.04284   0.00000   0.00000   0.01182   0.20467   0.05307   0.00561   0.17031   0.05651   0.00000   0.01655   0.15150   0.17898   0.00541   0.00000   0.08384   0.05617   0.00000   0.12111   0.00341   0.01364   0.00000   0.00000   0.16540   0.04237   0.00631   0.12055   0.04845   0.00000   0.00452   0.21749   0.01565   0.00000   0.00000   0.02158   0.06437   0.00000   0.00000   0.01279   0.31603   0.02302   0.04381   0.03746   0.18756   0.03097   1.22787   0.18408  
 42 484.7400   6259.996497  x:  0.00478   0.00952   0.23100   0.00000   0.00940   0.00049   0.04927   0.00000   0.00000   0.00408   0.22007   0.05822   0.00499   0.18336   0.06123   0.00000   0.01246   0.15880   0.19258   0.00595   0.00000   0.08381   0.05170   0.00000   0.12960   0.00262   0.02151   0.00000   0.00000   0.17716   0.04762   0.00132   0.12669   0.05053   0.00000   0.00425   0.22426   0.01862   0.00000   0.00000   0.01852   0.06278   0.00000   0.00000   0.00899   0.32988   0.03715   0.04431   0.03615   0.19486   0.02964   1.31416   0.18289  
 43 629.1339   6255.009111  x:  0.00555   0.00897   0.23943   0.00000   0.01129   0.00069   0.05004   0.00000   0.00000   0.01489   0.23255   0.05958   0.00466   0.19364   0.06392   0.00000   0.00556   0.16433   0.20333   0.00782   0.00000   0.08404   0.04886   0.00000   0.13555   0.00331   0.02653   0.00000   0.00000   0.18628   0.04863   0.00472   0.13122   0.05174   0.00000   0.00529   0.22985   0.01977   0.00000   0.00000   0.01517   0.06309   0.00000   0.00000   0.00855   0.34170   0.04941   0.04470   0.03571   0.20079   0.02950   1.39106   0.18630  
 44 2222.1862   6247.718478  x:  0.00455   0.02470   0.24820   0.00000   0.01113   0.00079   0.04135   0.00000   0.00000   0.01163   0.24488   0.05378   0.00304   0.20246   0.06278   0.00000   0.00432   0.16880   0.21322   0.00817   0.00000   0.08545   0.04835   0.00000   0.13667   0.00421   0.01804   0.00000   0.00000   0.19346   0.04163   0.00620   0.13287   0.05014   0.00000   0.00546   0.23565   0.01435   0.00000   0.00000   0.02100   0.06938   0.00000   0.00000   0.02092   0.35632   0.05667   0.04449   0.03736   0.20663   0.02906   1.50355   0.20605  
 45 973.4258   6241.561669  x:  0.00141   0.01812   0.25077   0.00000   0.00989   0.00058   0.03460   0.00000   0.00000   0.01299   0.24784   0.04730   0.00711   0.20299   0.05936   0.00000   0.01103   0.16852   0.21467   0.00487   0.00000   0.08665   0.05010   0.00000   0.13129   0.00219   0.00905   0.00000   0.00000   0.19289   0.03538   0.00345   0.12981   0.04734   0.00000   0.00447   0.23711   0.01538   0.00000   0.00000   0.02047   0.07486   0.00000   0.00000   0.01379   0.36359   0.05135   0.04350   0.03873   0.20776   0.02811   1.58378   0.22177  
 46 870.3232   6238.432276  x:  0.00863   0.01236   0.25187   0.00000   0.00987   0.00075   0.03072   0.00000   0.00000   0.01125   0.24872   0.04201   0.00997   0.20203   0.05624   0.00000   0.01642   0.16751   0.21447   0.00354   0.00000   0.08750   0.05189   0.00000   0.12603   0.00264   0.00743   0.00000   0.00000   0.19116   0.03141   0.00650   0.12671   0.04534   0.00000   0.00452   0.23758   0.01546   0.00000   0.00000   0.02016   0.07889   0.00000   0.00000   0.00920   0.36834   0.04490   0.04266   0.03973   0.20788   0.02792   1.64525   0.23344  
 47 2974.3814   6234.060180  x:  0.00793   0.01021   0.25076   0.00000   0.00964   0.00065   0.03060   0.00000   0.00000   0.01216   0.24611   0.03578   0.01274   0.19699   0.05149   0.00000   0.02218   0.16390   0.21052   0.00148   0.00000   0.08839   0.05400   0.00000   0.11593   0.00142   0.02122   0.00000   0.00000   0.18536   0.03029   0.00476   0.12040   0.04278   0.00000   0.00429   0.23646   0.01406   0.00000   0.00000   0.01983   0.08380   0.00000   0.00000   0.00876   0.37243   0.03228   0.04136   0.04050   0.20604   0.02742   1.72775   0.24789  
 48 1514.7329   6226.229098  x:  0.00720   0.01206   0.24094   0.00000   0.00988   0.00065   0.03924   0.00000   0.00000   0.01035   0.23038   0.03283   0.00943   0.17854   0.04564   0.00000   0.01321   0.15169   0.19342   0.00405   0.00000   0.08726   0.05635   0.00000   0.09693   0.00268   0.01730   0.00000   0.00000   0.16700   0.04009   0.00493   0.10744   0.04261   0.00000   0.00391   0.22897   0.02307   0.00000   0.00000   0.00986   0.08344   0.00000   0.00000   0.01284   0.37035   0.02650   0.04038   0.03865   0.19696   0.03269   1.85144   0.25310  
 49 728.8294   6221.255126  x:  0.00614   0.01056   0.23115   0.00000   0.01045   0.00066   0.04171   0.00000   0.00000   0.01072   0.21513   0.03656   0.00659   0.16220   0.04435   0.00000   0.00595   0.14157   0.17783   0.00645   0.00000   0.08585   0.05726   0.00000   0.08485   0.00342   0.01591   0.00000   0.00000   0.15141   0.04350   0.00559   0.09855   0.04371   0.00000   0.00437   0.22171   0.02263   0.00000   0.00000   0.02340   0.08061   0.00000   0.00000   0.00927   0.36576   0.02902   0.04043   0.03714   0.18855   0.03503   1.94418   0.25207  
 50 1487.5967   6217.325563  x:  0.00692   0.01104   0.22083   0.00000   0.01030   0.00065   0.03600   0.00000   0.00000   0.01120   0.19958   0.04637   0.00761   0.14857   0.04954   0.00000   0.01202   0.13470   0.16396   0.00583   0.00000   0.08466   0.05619   0.00000   0.08415   0.00298   0.01646   0.00000   0.00000   0.13970   0.03795   0.00496   0.09593   0.04569   0.00000   0.00499   0.21434   0.01350   0.00000   0.00000   0.01830   0.07585   0.00000   0.00000   0.01074   0.35743   0.03576   0.04163   0.03714   0.18083   0.03197   2.01127   0.24713  
 51 668.3853   6216.390317  x:  0.00658   0.01435   0.21586   0.00000   0.01013   0.00071   0.03644   0.00000   0.00000   0.01090   0.19269   0.04513   0.00787   0.14569   0.05202   0.00000   0.01274   0.13429   0.15946   0.00554   0.00000   0.08507   0.05408   0.00000   0.09132   0.00289   0.01727   0.00000   0.00000   0.13868   0.03593   0.00660   0.09978   0.04620   0.00000   0.00455   0.21115   0.01792   0.00000   0.00000   0.01856   0.07533   0.00000   0.00000   0.00843   0.35033   0.03535   0.04199   0.03826   0.17826   0.02802   2.02854   0.24851  
 52 198.1721   6215.744527  x:  0.00673   0.01101   0.21153   0.00000   0.01027   0.00067   0.03769   0.00000   0.00000   0.01117   0.18699   0.04249   0.00757   0.14454   0.05302   0.00000   0.01201   0.13482   0.15642   0.00561   0.00000   0.08559   0.05238   0.00000   0.09796   0.00292   0.01679   0.00000   0.00000   0.13929   0.03591   0.00571   0.10391   0.04610   0.00000   0.00455   0.20848   0.01831   0.00000   0.00000   0.01953   0.07535   0.00000   0.00000   0.01173   0.34282   0.03468   0.04201   0.03901   0.17641   0.02651   2.04046   0.25056  
 53 259.4719   6215.381434  x:  0.00669   0.01145   0.20854   0.00000   0.01037   0.00065   0.03837   0.00000   0.00000   0.01101   0.18345   0.04090   0.00759   0.14516   0.05216   0.00000   0.01094   0.13596   0.15536   0.00575   0.00000   0.08587   0.05214   0.00000   0.10127   0.00300   0.01641   0.00000   0.00000   0.14102   0.03756   0.00516   0.10666   0.04560   0.00000   0.00491   0.20669   0.01488   0.00000   0.00000   0.01887   0.07548   0.00000   0.00000   0.00982   0.33586   0.03406   0.04170   0.03888   0.17550   0.02911   2.04712   0.25210  
 54 142.5481   6215.123655  x:  0.00681   0.01159   0.20583   0.00000   0.01039   0.00066   0.03709   0.00000   0.00000   0.01126   0.18108   0.04313   0.00805   0.14753   0.05000   0.00000   0.01237   0.13794   0.15609   0.00551   0.00000   0.08581   0.05351   0.00000   0.10073   0.00290   0.01683   0.00000   0.00000   0.14398   0.03844   0.00505   0.10787   0.04505   0.00000   0.00475   0.20515   0.01673   0.00000   0.00000   0.01938   0.07561   0.00000   0.00000   0.01042   0.32609   0.03462   0.04124   0.03776   0.17525   0.03194   2.05235   0.25305  
 55 75.5013   6214.923107  x:  0.00670   0.01157   0.20418   0.00000   0.01040   0.00066   0.03768   0.00000   0.00000   0.01109   0.18062   0.04344   0.00760   0.15024   0.04990   0.00000   0.01119   0.13954   0.15801   0.00581   0.00000   0.08546   0.05423   0.00000   0.09727   0.00298   0.01662   0.00000   0.00000   0.14650   0.03747   0.00529   0.10696   0.04547   0.00000   0.00484   0.20427   0.01604   0.00000   0.00000   0.01899   0.07557   0.00000   0.00000   0.01022   0.31498   0.03448   0.04154   0.03750   0.17574   0.02850   2.05637   0.25321  
 56 62.6146   6214.872913  x:  0.00671   0.01160   0.20461   0.00000   0.01038   0.00066   0.03771   0.00000   0.00000   0.01114   0.18180   0.04247   0.00764   0.15038   0.05181   0.00000   0.01152   0.13934   0.15886   0.00566   0.00000   0.08545   0.05312   0.00000   0.09671   0.00296   0.01668   0.00000   0.00000   0.14611   0.03721   0.00526   0.10582   0.04570   0.00000   0.00479   0.20455   0.01627   0.00000   0.00000   0.01912   0.07545   0.00000   0.00000   0.01032   0.31074   0.03446   0.04190   0.03863   0.17623   0.02967   2.05750   0.25295  
 57 27.0608   6214.848144  x:  0.00672   0.01161   0.20585   0.00000   0.01037   0.00066   0.03731   0.00000   0.00000   0.01115   0.18352   0.04241   0.00772   0.14961   0.05123   0.00000   0.01160   0.13852   0.15918   0.00563   0.00000   0.08561   0.05279   0.00000   0.09777   0.00294   0.01668   0.00000   0.00000   0.14476   0.03778   0.00531   0.10526   0.04535   0.00000   0.00478   0.20527   0.01621   0.00000   0.00000   0.01913   0.07546   0.00000   0.00000   0.01031   0.30788   0.03452   0.04124   0.03798   0.17671   0.02933   2.05807   0.25297  
 58 14.2269   6214.840872  x:  0.00672   0.01159   0.20644   0.00000   0.01039   0.00066   0.03779   0.00000   0.00000   0.01115   0.18405   0.04274   0.00771   0.14924   0.05085   0.00000   0.01151   0.13826   0.15908   0.00569   0.00000   0.08562   0.05331   0.00000   0.09808   0.00296   0.01667   0.00000   0.00000   0.14436   0.03729   0.00522   0.10552   0.04549   0.00000   0.00480   0.20562   0.01620   0.00000   0.00000   0.01910   0.07551   0.00000   0.00000   0.01029   0.30711   0.03450   0.04168   0.03819   0.17683   0.02951   2.05823   0.25313  
 59  8.4854   6214.827964  x:  0.00671   0.01155   0.20753   0.00000   0.01038   0.00066   0.03728   0.00000   0.00000   0.01114   0.18430   0.04287   0.00761   0.14876   0.05142   0.00000   0.01144   0.13824   0.15836   0.00571   0.00000   0.08546   0.05391   0.00000   0.09757   0.00297   0.01668   0.00000   0.00000   0.14444   0.03798   0.00517   0.10680   0.04587   0.00000   0.00479   0.20627   0.01622   0.00000   0.00000   0.01909   0.07556   0.00000   0.00000   0.01026   0.30658   0.03436   0.04200   0.03831   0.17678   0.02934   2.05852   0.25339  
 60  3.3478   6214.783261  x:  0.00671   0.01166   0.20988   0.00000   0.01038   0.00066   0.03788   0.00000   0.00000   0.01117   0.18409   0.04248   0.00767   0.14828   0.05156   0.00000   0.01157   0.13861   0.15662   0.00567   0.00000   0.08512   0.05300   0.00000   0.09629   0.00297   0.01667   0.00000   0.00000   0.14535   0.03690   0.00506   0.10862   0.04516   0.00000   0.00477   0.20770   0.01625   0.00000   0.00000   0.01910   0.07533   0.00000   0.00000   0.01032   0.30599   0.03450   0.04072   0.03747   0.17640   0.02965   2.05960   0.25287  
 61  6.4310   6214.551123  x:  0.00674   0.01195   0.21532   0.00000   0.01032   0.00067   0.03709   0.00000   0.00000   0.01132   0.18178   0.04222   0.00794   0.14911   0.04812   0.00000   0.01194   0.14015   0.15350   0.00552   0.00000   0.08549   0.04989   0.00000   0.09655   0.00296   0.01666   0.00000   0.00000   0.14841   0.03779   0.00459   0.10685   0.04466   0.00000   0.00466   0.21109   0.01623   0.00000   0.00000   0.01916   0.07496   0.00000   0.00000   0.01036   0.30563   0.03519   0.04283   0.04053   0.17507   0.02872   2.06513   0.25101  
 62 10.1632   6213.618104  x:  0.00677   0.01233   0.22493   0.00000   0.01030   0.00066   0.03720   0.00000   0.00000   0.01172   0.17607   0.04300   0.00681   0.15326   0.05253   0.00000   0.01066   0.14305   0.15188   0.00588   0.00000   0.08736   0.05457   0.00000   0.10244   0.00329   0.01654   0.00000   0.00000   0.15354   0.03724   0.00164   0.09772   0.04770   0.00000   0.00447   0.21728   0.01648   0.00000   0.00000   0.01914   0.07559   0.00000   0.00000   0.01033   0.30666   0.03517   0.04147   0.03724   0.17253   0.02886   2.08600   0.25027  
 63 36.3260   6212.759952  x:  0.00679   0.01254   0.22393   0.00000   0.01024   0.00067   0.03685   0.00000   0.00000   0.01190   0.17728   0.04444   0.00615   0.15450   0.05305   0.00000   0.00972   0.14255   0.15607   0.00615   0.00000   0.08665   0.05323   0.00000   0.10234   0.00350   0.01642   0.00000   0.00000   0.15218   0.03721   0.00000   0.10069   0.04556   0.00000   0.00435   0.21674   0.01657   0.00000   0.00000   0.01901   0.07504   0.00000   0.00000   0.01025   0.30817   0.03504   0.04187   0.03786   0.17352   0.02846   2.09916   0.24987  
 64 55.7051   6212.759952  x:  0.00679   0.01254   0.22393   0.00000   0.01024   0.00067   0.03685   0.00000   0.00000   0.01190   0.17728   0.04444   0.00615   0.15450   0.05305   0.00000   0.00972   0.14255   0.15607   0.00615   0.00000   0.08665   0.05323   0.00000   0.10234   0.00350   0.01642   0.00000   0.00000   0.15218   0.03721   0.00000   0.10069   0.04556   0.00000   0.00435   0.21674   0.01657   0.00000   0.00000   0.01901   0.07504   0.00000   0.00000   0.01025   0.30817   0.03504   0.04187   0.03786   0.17352   0.02846   2.09916   0.24987  
 65 34.1987   6211.941450  x:  0.00674   0.01261   0.22391   0.00000   0.01052   0.00338   0.03690   0.00000   0.00000   0.01179   0.17741   0.04452   0.00618   0.15456   0.05309   0.00000   0.00966   0.14258   0.15618   0.00610   0.00000   0.08663   0.05318   0.00000   0.10240   0.00343   0.01640   0.00000   0.00000   0.15222   0.03726   0.00053   0.10082   0.04562   0.00000   0.00390   0.21673   0.01655   0.00000   0.00000   0.01899   0.07498   0.00000   0.00000   0.01026   0.30822   0.03509   0.04187   0.03785   0.17358   0.02844   2.09922   0.24973  
 66 1099.7645   6211.336800  x:  0.00637   0.01304   0.22380   0.00000   0.01218   0.00314   0.03721   0.00000   0.00000   0.01101   0.17826   0.04508   0.00635   0.15499   0.05335   0.00000   0.00929   0.14279   0.15690   0.00584   0.00000   0.08648   0.05284   0.00000   0.10286   0.00303   0.01626   0.00000   0.00000   0.15253   0.03757   0.00203   0.10169   0.04591   0.00000   0.00103   0.21667   0.01650   0.00000   0.00000   0.01887   0.07458   0.00000   0.00000   0.01036   0.30853   0.03545   0.04190   0.03778   0.17399   0.02830   2.09963   0.24878  
 67 257.8111   6210.704503  x:  0.00564   0.01405   0.22344   0.00000   0.01517   0.00329   0.03812   0.00000   0.00000   0.00944   0.18099   0.04669   0.00674   0.15637   0.05414   0.00000   0.00842   0.14348   0.15923   0.00540   0.00000   0.08599   0.05181   0.00000   0.10431   0.00322   0.01597   0.00000   0.00000   0.15352   0.03849   0.00000   0.10430   0.04648   0.00000   0.00080   0.21652   0.01731   0.00000   0.00000   0.01859   0.07334   0.00000   0.00000   0.01059   0.30954   0.03648   0.04201   0.03759   0.17532   0.02791   2.10100   0.24578  
 68 201.5732   6210.254733  x:  0.00535   0.01480   0.22302   0.00000   0.01698   0.00312   0.03906   0.00000   0.00000   0.00883   0.18423   0.04835   0.00695   0.15799   0.05498   0.00000   0.00781   0.14431   0.16200   0.00532   0.00000   0.08543   0.05069   0.00000   0.10598   0.00339   0.01576   0.00000   0.00000   0.15469   0.03943   0.00129   0.10738   0.04726   0.00000   0.00266   0.21636   0.01824   0.00000   0.00000   0.01840   0.07193   0.00000   0.00000   0.01077   0.31076   0.03752   0.04214   0.03740   0.17690   0.02750   2.10268   0.24227  
 69 470.5501   6209.247013  x:  0.00701   0.01460   0.22189   0.00000   0.01448   0.00318   0.04067   0.00000   0.00000   0.01291   0.19297   0.05148   0.00607   0.16235   0.05676   0.00000   0.00823   0.14665   0.16949   0.00693   0.00000   0.08407   0.04839   0.00000   0.11024   0.00300   0.01583   0.00000   0.00000   0.15781   0.04112   0.00077   0.11508   0.04873   0.00000   0.00177   0.21592   0.01863   0.00000   0.00000   0.01861   0.06856   0.00000   0.00000   0.01063   0.31422   0.03930   0.04244   0.03705   0.18121   0.02688   2.10755   0.23330  
 70 323.7849   6208.971922  x:  0.00573   0.01347   0.22153   0.00000   0.01227   0.00320   0.04040   0.00000   0.00000   0.01146   0.19593   0.05152   0.00492   0.16378   0.05691   0.00000   0.00801   0.14742   0.17194   0.00626   0.00000   0.08383   0.04840   0.00000   0.11134   0.00390   0.01614   0.00000   0.00000   0.15884   0.04084   0.00082   0.11708   0.04882   0.00000   0.00147   0.21581   0.01787   0.00000   0.00000   0.01883   0.06807   0.00000   0.00000   0.01048   0.31561   0.03903   0.04250   0.03710   0.18270   0.02711   2.10963   0.23109  
 71 176.1305   6208.854303  x:  0.00605   0.01313   0.22135   0.00000   0.01180   0.00320   0.03986   0.00000   0.00000   0.01043   0.19752   0.05098   0.00485   0.16455   0.05682   0.00000   0.00783   0.14782   0.17320   0.00638   0.00000   0.08385   0.04886   0.00000   0.11172   0.00266   0.01619   0.00000   0.00000   0.15937   0.04028   0.00075   0.11776   0.04861   0.00000   0.00163   0.21578   0.01729   0.00000   0.00000   0.01890   0.06823   0.00000   0.00000   0.01042   0.31651   0.03847   0.04250   0.03722   0.18353   0.02741   2.11109   0.23048  
 72 129.5704   6208.703535  x:  0.00737   0.01311   0.22105   0.00000   0.01224   0.00320   0.03863   0.00000   0.00000   0.00977   0.20028   0.04954   0.00536   0.16586   0.05647   0.00000   0.00760   0.14851   0.17531   0.00697   0.00000   0.08403   0.05002   0.00000   0.11210   0.00347   0.01632   0.00000   0.00000   0.16025   0.03901   0.00079   0.11845   0.04802   0.00000   0.00168   0.21577   0.01636   0.00000   0.00000   0.01887   0.06897   0.00000   0.00000   0.01029   0.31827   0.03720   0.04245   0.03746   0.18498   0.02802   2.11410   0.23018  
 73 147.6279   6208.552638  x:  0.00625   0.01342   0.22073   0.00000   0.01322   0.00319   0.03751   0.00000   0.00000   0.01129   0.20338   0.04789   0.00538   0.16724   0.05587   0.00000   0.00756   0.14926   0.17754   0.00601   0.00000   0.08441   0.05132   0.00000   0.11215   0.00326   0.01617   0.00000   0.00000   0.16116   0.03778   0.00079   0.11857   0.04728   0.00000   0.00182   0.21581   0.01644   0.00000   0.00000   0.01849   0.07026   0.00000   0.00000   0.01012   0.32058   0.03606   0.04235   0.03766   0.18661   0.02845   2.11836   0.23079  
 74 118.5000   6208.438087  x:  0.00576   0.01399   0.22049   0.00000   0.01258   0.00320   0.03784   0.00000   0.00000   0.01103   0.20582   0.04698   0.00639   0.16820   0.05544   0.00000   0.00846   0.14983   0.17913   0.00617   0.00000   0.08484   0.05171   0.00000   0.11166   0.00327   0.01599   0.00000   0.00000   0.16173   0.03804   0.00085   0.11769   0.04691   0.00000   0.00153   0.21589   0.01823   0.00000   0.00000   0.01875   0.07140   0.00000   0.00000   0.01121   0.32304   0.03619   0.04222   0.03756   0.18793   0.02811   2.12376   0.23242  
 75 74.7163   6208.320912  x:  0.00691   0.01380   0.22028   0.00000   0.01241   0.00320   0.03882   0.00000   0.00000   0.01074   0.20796   0.04665   0.00631   0.16886   0.05507   0.00000   0.00874   0.15026   0.18034   0.00475   0.00000   0.08524   0.05137   0.00000   0.11086   0.00330   0.01608   0.00000   0.00000   0.16210   0.03900   0.00089   0.11623   0.04688   0.00000   0.00145   0.21599   0.01872   0.00000   0.00000   0.01913   0.07216   0.00000   0.00000   0.01040   0.32582   0.03695   0.04212   0.03733   0.18909   0.02755   2.13080   0.23436  
 76 108.6741   6208.183395  x:  0.00635   0.01278   0.22007   0.00000   0.01267   0.00319   0.03987   0.00000   0.00000   0.01074   0.20990   0.04674   0.00700   0.16928   0.05495   0.00000   0.00878   0.15056   0.18125   0.00557   0.00000   0.08551   0.05052   0.00000   0.10982   0.00327   0.01629   0.00000   0.00000   0.16224   0.04015   0.00090   0.11427   0.04712   0.00000   0.00166   0.21613   0.01725   0.00000   0.00000   0.01898   0.07246   0.00000   0.00000   0.00935   0.32916   0.03798   0.04210   0.03709   0.19012   0.02717   2.14054   0.23633  
 77 152.0578   6208.029162  x:  0.00648   0.01318   0.21988   0.00000   0.01264   0.00319   0.04012   0.00000   0.00000   0.01095   0.21122   0.04747   0.00624   0.16919   0.05506   0.00000   0.00802   0.15059   0.18151   0.00566   0.00000   0.08552   0.04949   0.00000   0.10874   0.00327   0.01627   0.00000   0.00000   0.16204   0.04056   0.00090   0.11219   0.04756   0.00000   0.00190   0.21626   0.01527   0.00000   0.00000   0.01824   0.07202   0.00000   0.00000   0.01128   0.33281   0.03860   0.04222   0.03703   0.19076   0.02737   2.15337   0.23764  
 78 163.9405   6207.568127  x:  0.00631   0.01527   0.21950   0.00000   0.01207   0.00320   0.03817   0.00000   0.00000   0.01056   0.21239   0.05034   0.00341   0.16768   0.05603   0.00000   0.00608   0.14996   0.18036   0.00800   0.00000   0.08479   0.04789   0.00000   0.10654   0.00331   0.01572   0.00000   0.00000   0.16065   0.03893   0.00094   0.10781   0.04858   0.00000   0.00165   0.21650   0.01670   0.00000   0.00000   0.01749   0.06939   0.00000   0.00000   0.00982   0.34205   0.03801   0.04266   0.03740   0.19106   0.02891   2.19356   0.23845  
 79 211.6898   6207.046774  x:  0.00660   0.01194   0.21926   0.00000   0.01289   0.00319   0.03649   0.00000   0.00000   0.01101   0.21155   0.05322   0.00528   0.16550   0.05746   0.00000   0.00662   0.14881   0.17780   0.00674   0.00000   0.08388   0.04841   0.00000   0.10556   0.00327   0.01641   0.00000   0.00000   0.15885   0.03687   0.00094   0.10585   0.04880   0.00000   0.00154   0.21666   0.01814   0.00000   0.00000   0.01935   0.06709   0.00000   0.00000   0.01088   0.35078   0.03638   0.04272   0.03763   0.19017   0.02891   2.24267   0.23721  
 80 346.0239   6206.290256  x:  0.00609   0.01501   0.21924   0.00000   0.01287   0.00319   0.03828   0.00000   0.00000   0.01041   0.20740   0.05176   0.00588   0.16228   0.05749   0.00000   0.01170   0.14707   0.17320   0.00547   0.00000   0.08319   0.05212   0.00000   0.10697   0.00325   0.01635   0.00000   0.00000   0.15661   0.03776   0.00091   0.10863   0.04726   0.00000   0.00182   0.21667   0.01585   0.00000   0.00000   0.01948   0.06724   0.00000   0.00000   0.00993   0.35989   0.03514   0.04194   0.03726   0.18741   0.02635   2.32096   0.23437  
 81 393.7775   6205.615802  x:  0.00642   0.01399   0.21950   0.00000   0.01190   0.00319   0.04013   0.00000   0.00000   0.01073   0.20293   0.04703   0.00690   0.16061   0.05615   0.00000   0.00763   0.14575   0.16981   0.00541   0.00000   0.08332   0.05364   0.00000   0.10953   0.00330   0.01548   0.00000   0.00000   0.15569   0.04008   0.00086   0.11361   0.04616   0.00000   0.00153   0.21653   0.01702   0.00000   0.00000   0.01697   0.06956   0.00000   0.00000   0.00999   0.36371   0.03683   0.04159   0.03711   0.18482   0.02691   2.38685   0.23367  
 82 512.2549   6205.285967  x:  0.00638   0.01290   0.21983   0.00000   0.01330   0.00318   0.03968   0.00000   0.00000   0.01075   0.20052   0.04537   0.00439   0.16095   0.05485   0.00000   0.00819   0.14591   0.16948   0.00668   0.00000   0.08391   0.05205   0.00000   0.11123   0.00325   0.01646   0.00000   0.00000   0.15627   0.04037   0.00075   0.11690   0.04663   0.00000   0.00160   0.21638   0.01754   0.00000   0.00000   0.01910   0.07135   0.00000   0.00000   0.01076   0.36198   0.03831   0.04191   0.03734   0.18372   0.02836   2.42049   0.23573  
 83 304.7726   6204.826485  x:  0.00607   0.01476   0.22051   0.00000   0.01213   0.00319   0.03755   0.00000   0.00000   0.01083   0.19732   0.04712   0.00658   0.16324   0.05419   0.00000   0.00764   0.14702   0.17085   0.00571   0.00000   0.08514   0.04808   0.00000   0.11338   0.00320   0.01657   0.00000   0.00000   0.15845   0.03871   0.00061   0.12118   0.04822   0.00000   0.00162   0.21602   0.01641   0.00000   0.00000   0.02058   0.07329   0.00000   0.00000   0.01002   0.35415   0.03851   0.04253   0.03770   0.18269   0.02888   2.46936   0.24128  
 84 300.4078   6204.508950  x:  0.00658   0.01326   0.22094   0.00000   0.01232   0.00319   0.03729   0.00000   0.00000   0.01040   0.19594   0.04879   0.00576   0.16530   0.05447   0.00000   0.00899   0.14821   0.17282   0.00592   0.00000   0.08560   0.04736   0.00000   0.11379   0.00329   0.01537   0.00000   0.00000   0.16025   0.03776   0.00057   0.12228   0.04857   0.00000   0.00158   0.21569   0.01684   0.00000   0.00000   0.01708   0.07307   0.00000   0.00000   0.01007   0.34582   0.03715   0.04245   0.03754   0.18254   0.02753   2.50243   0.24488  
 85 298.7530   6204.137625  x:  0.00627   0.01355   0.22122   0.00000   0.01246   0.00319   0.03935   0.00000   0.00000   0.01077   0.19606   0.04952   0.00461   0.16787   0.05601   0.00000   0.00665   0.14959   0.17601   0.00683   0.00000   0.08512   0.05092   0.00000   0.11218   0.00318   0.01708   0.00000   0.00000   0.16220   0.03843   0.00066   0.11990   0.04724   0.00000   0.00156   0.21521   0.01698   0.00000   0.00000   0.01844   0.07049   0.00000   0.00000   0.01041   0.33172   0.03556   0.04164   0.03693   0.18329   0.02619   2.54233   0.24704  
 86 213.7376   6204.008156  x:  0.00625   0.01357   0.22111   0.00000   0.01245   0.00319   0.03914   0.00000   0.00000   0.01075   0.19707   0.04872   0.00510   0.16829   0.05627   0.00000   0.00739   0.14980   0.17701   0.00633   0.00000   0.08458   0.05161   0.00000   0.11097   0.00329   0.01515   0.00000   0.00000   0.16228   0.03904   0.00071   0.11768   0.04684   0.00000   0.00159   0.21503   0.01675   0.00000   0.00000   0.01897   0.06971   0.00000   0.00000   0.01030   0.32555   0.03686   0.04172   0.03716   0.18392   0.02819   2.55643   0.24604  
 87 130.7816   6203.956291  x:  0.00627   0.01378   0.22093   0.00000   0.01243   0.00319   0.03850   0.00000   0.00000   0.01067   0.19814   0.04784   0.00555   0.16800   0.05589   0.00000   0.00790   0.14961   0.17716   0.00598   0.00000   0.08430   0.05091   0.00000   0.11033   0.00321   0.01651   0.00000   0.00000   0.16181   0.03910   0.00072   0.11628   0.04700   0.00000   0.00156   0.21498   0.01694   0.00000   0.00000   0.01822   0.06998   0.00000   0.00000   0.01021   0.32252   0.03755   0.04194   0.03737   0.18441   0.02835   2.56226   0.24476  
 88 70.0642   6203.934228  x:  0.00624   0.01373   0.22074   0.00000   0.01248   0.00319   0.03838   0.00000   0.00000   0.01069   0.19914   0.04737   0.00548   0.16745   0.05537   0.00000   0.00768   0.14930   0.17694   0.00608   0.00000   0.08427   0.05009   0.00000   0.11016   0.00324   0.01606   0.00000   0.00000   0.16120   0.03888   0.00072   0.11564   0.04727   0.00000   0.00156   0.21501   0.01692   0.00000   0.00000   0.01854   0.07064   0.00000   0.00000   0.01027   0.32101   0.03728   0.04201   0.03735   0.18480   0.02730   2.56471   0.24397  
 89 32.0409   6203.926617  x:  0.00625   0.01371   0.22053   0.00000   0.01247   0.00319   0.03888   0.00000   0.00000   0.01069   0.20020   0.04785   0.00546   0.16672   0.05522   0.00000   0.00769   0.14894   0.17648   0.00614   0.00000   0.08450   0.05006   0.00000   0.11041   0.00324   0.01611   0.00000   0.00000   0.16052   0.03881   0.00072   0.11575   0.04731   0.00000   0.00156   0.21511   0.01692   0.00000   0.00000   0.01851   0.07120   0.00000   0.00000   0.01026   0.32028   0.03687   0.04193   0.03723   0.18514   0.02776   2.56557   0.24403  
 90 10.0407   6203.923986  x:  0.00627   0.01370   0.22040   0.00000   0.01245   0.00319   0.03855   0.00000   0.00000   0.01069   0.20084   0.04798   0.00541   0.16627   0.05538   0.00000   0.00767   0.14874   0.17614   0.00617   0.00000   0.08460   0.05031   0.00000   0.11060   0.00324   0.01610   0.00000   0.00000   0.16016   0.03891   0.00072   0.11601   0.04724   0.00000   0.00156   0.21520   0.01689   0.00000   0.00000   0.01849   0.07112   0.00000   0.00000   0.01026   0.31997   0.03715   0.04195   0.03726   0.18534   0.02761   2.56588   0.24437  
 91  6.3029   6203.923668  x:  0.00626   0.01371   0.22035   0.00000   0.01245   0.00319   0.03862   0.00000   0.00000   0.01069   0.20097   0.04783   0.00544   0.16621   0.05541   0.00000   0.00770   0.14872   0.17603   0.00614   0.00000   0.08454   0.05024   0.00000   0.11060   0.00324   0.01610   0.00000   0.00000   0.16014   0.03885   0.00071   0.11610   0.04726   0.00000   0.00156   0.21523   0.01690   0.00000   0.00000   0.01850   0.07092   0.00000   0.00000   0.01026   0.31993   0.03711   0.04196   0.03730   0.18536   0.02762   2.56592   0.24449  
 92  1.8260   6203.923583  x:  0.00626   0.01371   0.22031   0.00000   0.01245   0.00319   0.03858   0.00000   0.00000   0.01069   0.20101   0.04783   0.00545   0.16622   0.05534   0.00000   0.00770   0.14874   0.17596   0.00614   0.00000   0.08448   0.05022   0.00000   0.11056   0.00324   0.01610   0.00000   0.00000   0.16020   0.03890   0.00071   0.11613   0.04725   0.00000   0.00156   0.21526   0.01690   0.00000   0.00000   0.01850   0.07089   0.00000   0.00000   0.01026   0.31993   0.03707   0.04193   0.03723   0.18534   0.02763   2.56594   0.24450  
 93  0.4715   6203.923342  x:  0.00627   0.01370   0.22018   0.00000   0.01245   0.00319   0.03862   0.00000   0.00000   0.01069   0.20111   0.04789   0.00544   0.16627   0.05530   0.00000   0.00769   0.14881   0.17576   0.00615   0.00000   0.08441   0.05027   0.00000   0.11045   0.00324   0.01610   0.00000   0.00000   0.16038   0.03884   0.00071   0.11617   0.04725   0.00000   0.00156   0.21534   0.01690   0.00000   0.00000   0.01849   0.07094   0.00000   0.00000   0.01026   0.31993   0.03713   0.04198   0.03730   0.18527   0.02761   2.56604   0.24448  
 94  0.6000   6203.922587  x:  0.00626   0.01370   0.21994   0.00000   0.01246   0.00318   0.03859   0.00000   0.00000   0.01068   0.20122   0.04782   0.00541   0.16637   0.05564   0.00000   0.00770   0.14888   0.17552   0.00615   0.00000   0.08460   0.05020   0.00000   0.11046   0.00324   0.01610   0.00000   0.00000   0.16061   0.03890   0.00071   0.11610   0.04731   0.00000   0.00156   0.21548   0.01690   0.00000   0.00000   0.01850   0.07104   0.00000   0.00000   0.01026   0.31997   0.03707   0.04191   0.03729   0.18514   0.02763   2.56639   0.24442  
 95  0.7650   6203.915857  x:  0.00625   0.01371   0.21907   0.00000   0.01250   0.00318   0.03866   0.00000   0.00000   0.01064   0.20143   0.04788   0.00544   0.16676   0.05514   0.00000   0.00768   0.14879   0.17537   0.00615   0.00000   0.08543   0.05017   0.00000   0.11129   0.00323   0.01610   0.00000   0.00000   0.16073   0.03869   0.00072   0.11550   0.04703   0.00000   0.00154   0.21598   0.01693   0.00000   0.00000   0.01849   0.07052   0.00000   0.00000   0.01025   0.32043   0.03724   0.04195   0.03705   0.18481   0.02761   2.56952   0.24431  
 96  1.5569   6203.889187  x:  0.00620   0.01368   0.21758   0.00000   0.01268   0.00314   0.03848   0.00000   0.00000   0.01052   0.20181   0.04809   0.00546   0.16714   0.05496   0.00000   0.00757   0.14831   0.17609   0.00610   0.00000   0.08449   0.05043   0.00000   0.11205   0.00320   0.01606   0.00000   0.00000   0.15999   0.03963   0.00067   0.11482   0.04772   0.00000   0.00145   0.21683   0.01703   0.00000   0.00000   0.01848   0.07044   0.00000   0.00000   0.01026   0.32236   0.03667   0.04240   0.03818   0.18465   0.02765   2.58197   0.24458  
 97 11.7190   6203.846551  x:  0.00617   0.01365   0.21665   0.00000   0.01291   0.00308   0.03866   0.00000   0.00000   0.01028   0.20242   0.04822   0.00536   0.16698   0.05587   0.00000   0.00736   0.14787   0.17724   0.00608   0.00000   0.08286   0.05027   0.00000   0.11134   0.00316   0.01602   0.00000   0.00000   0.15887   0.03862   0.00062   0.11478   0.04765   0.00000   0.00132   0.21731   0.01711   0.00000   0.00000   0.01842   0.07081   0.00000   0.00000   0.01024   0.32544   0.03744   0.04154   0.03708   0.18503   0.02767   2.60178   0.24484  
 98 53.6548   6203.818746  x:  0.00611   0.01363   0.21801   0.00000   0.01310   0.00304   0.03859   0.00000   0.00000   0.01015   0.20307   0.04847   0.00536   0.16612   0.05591   0.00000   0.00721   0.14830   0.17726   0.00607   0.00000   0.08418   0.04984   0.00000   0.10944   0.00313   0.01599   0.00000   0.00000   0.15897   0.03896   0.00061   0.11539   0.04673   0.00000   0.00125   0.21648   0.01720   0.00000   0.00000   0.01843   0.07041   0.00000   0.00000   0.01025   0.32746   0.03719   0.04231   0.03722   0.18596   0.02771   2.61475   0.24454  
 99 34.0065   6203.811875  x:  0.00609   0.01364   0.21902   0.00000   0.01314   0.00303   0.03862   0.00000   0.00000   0.01012   0.20339   0.04845   0.00540   0.16583   0.05564   0.00000   0.00719   0.14860   0.17688   0.00607   0.00000   0.08456   0.05019   0.00000   0.10941   0.00312   0.01598   0.00000   0.00000   0.15940   0.03886   0.00056   0.11527   0.04767   0.00000   0.00123   0.21589   0.01722   0.00000   0.00000   0.01842   0.07020   0.00000   0.00000   0.01025   0.32796   0.03729   0.04193   0.03726   0.18634   0.02771   2.61797   0.24445  
100 15.6112   6203.809624  x:  0.00609   0.01364   0.21976   0.00000   0.01316   0.00302   0.03861   0.00000   0.00000   0.01010   0.20363   0.04848   0.00539   0.16580   0.05573   0.00000   0.00718   0.14874   0.17648   0.00607   0.00000   0.08421   0.05008   0.00000   0.11000   0.00312   0.01598   0.00000   0.00000   0.15979   0.03888   0.00058   0.11493   0.04739   0.00000   0.00123   0.21546   0.01723   0.00000   0.00000   0.01842   0.07026   0.00000   0.00000   0.01025   0.32813   0.03728   0.04192   0.03731   0.18648   0.02771   2.61903   0.24447  
101  5.1379   6203.809575  x:  0.00609   0.01364   0.21981   0.00000   0.01316   0.00302   0.03861   0.00000   0.00000   0.01010   0.20366   0.04847   0.00538   0.16586   0.05574   0.00000   0.00718   0.14869   0.17645   0.00606   0.00000   0.08420   0.05010   0.00000   0.11000   0.00312   0.01598   0.00000   0.00000   0.15977   0.03888   0.00058   0.11492   0.04742   0.00000   0.00123   0.21544   0.01723   0.00000   0.00000   0.01842   0.07026   0.00000   0.00000   0.01025   0.32813   0.03728   0.04200   0.03725   0.18645   0.02771   2.61905   0.24448  
102  0.6555   6203.809551  x:  0.00609   0.01364   0.21986   0.00000   0.01316   0.00302   0.03861   0.00000   0.00000   0.01010   0.20370   0.04848   0.00538   0.16595   0.05574   0.00000   0.00719   0.14863   0.17643   0.00607   0.00000   0.08421   0.05009   0.00000   0.10999   0.00312   0.01598   0.00000   0.00000   0.15974   0.03888   0.00058   0.11493   0.04741   0.00000   0.00123   0.21542   0.01722   0.00000   0.00000   0.01842   0.07026   0.00000   0.00000   0.01025   0.32813   0.03728   0.04197   0.03727   0.18640   0.02771   2.61907   0.24448  
103  0.3836   6203.809479  x:  0.00609   0.01364   0.21991   0.00000   0.01316   0.00302   0.03861   0.00000   0.00000   0.01010   0.20377   0.04847   0.00538   0.16591   0.05574   0.00000   0.00718   0.14877   0.17648   0.00606   0.00000   0.08421   0.05009   0.00000   0.10999   0.00312   0.01598   0.00000   0.00000   0.15967   0.03888   0.00058   0.11493   0.04741   0.00000   0.00123   0.21543   0.01722   0.00000   0.00000   0.01842   0.07026   0.00000   0.00000   0.01025   0.32813   0.03728   0.04198   0.03727   0.18620   0.02771   2.61919   0.24448  
104  0.0291   6203.806090  x:  0.00614   0.01366   0.22013   0.00000   0.01307   0.00297   0.03858   0.00000   0.00000   0.01018   0.20373   0.04853   0.00536   0.16539   0.05572   0.00000   0.00727   0.14802   0.17687   0.00611   0.00000   0.08421   0.05009   0.00000   0.10999   0.00314   0.01599   0.00000   0.00000   0.16039   0.03884   0.00053   0.11498   0.04742   0.00000   0.00128   0.21571   0.01717   0.00000   0.00000   0.01842   0.07025   0.00000   0.00000   0.01024   0.32795   0.03722   0.04197   0.03727   0.18570   0.02769   2.62512   0.24467  
105  0.2254   6203.802084  x:  0.00620   0.01368   0.21994   0.00000   0.01297   0.00290   0.03854   0.00000   0.00000   0.01027   0.20328   0.04857   0.00532   0.16600   0.05573   0.00000   0.00735   0.14868   0.17633   0.00614   0.00000   0.08421   0.05008   0.00000   0.11004   0.00318   0.01601   0.00000   0.00000   0.15981   0.03879   0.00047   0.11509   0.04743   0.00000   0.00135   0.21556   0.01711   0.00000   0.00000   0.01844   0.07022   0.00000   0.00000   0.01024   0.32775   0.03714   0.04196   0.03725   0.18623   0.02766   2.63214   0.24486  
106  6.5211   6203.802058  x:  0.00620   0.01368   0.21986   0.00000   0.01297   0.00290   0.03854   0.00000   0.00000   0.01027   0.20329   0.04857   0.00532   0.16598   0.05573   0.00000   0.00735   0.14867   0.17633   0.00614   0.00000   0.08421   0.05008   0.00000   0.11004   0.00318   0.01601   0.00000   0.00000   0.15981   0.03879   0.00047   0.11509   0.04743   0.00000   0.00135   0.21540   0.01711   0.00000   0.00000   0.01844   0.07022   0.00000   0.00000   0.01024   0.32775   0.03714   0.04196   0.03725   0.18620   0.02766   2.63218   0.24487  
107  0.2735   6203.799345  x:  0.00614   0.01368   0.21987   0.00000   0.01296   0.00272   0.03856   0.00000   0.00000   0.01023   0.20313   0.04851   0.00532   0.16600   0.05571   0.00000   0.00728   0.14867   0.17635   0.00613   0.00000   0.08423   0.05008   0.00000   0.11013   0.00316   0.01601   0.00000   0.00000   0.15983   0.03882   0.00050   0.11520   0.04742   0.00000   0.00128   0.21549   0.01708   0.00000   0.00000   0.01842   0.07029   0.00000   0.00000   0.01023   0.32735   0.03717   0.04194   0.03728   0.18615   0.02767   2.63163   0.24487  
108  0.0004   6203.798982  x:  0.00616   0.01368   0.21986   0.00000   0.01298   0.00270   0.03856   0.00000   0.00000   0.01023   0.20327   0.04851   0.00533   0.16598   0.05572   0.00000   0.00730   0.14866   0.17634   0.00612   0.00000   0.08422   0.05009   0.00000   0.11007   0.00316   0.01600   0.00000   0.00000   0.15981   0.03883   0.00049   0.11512   0.04742   0.00000   0.00132   0.21540   0.01712   0.00000   0.00000   0.01843   0.07027   0.00000   0.00000   0.01024   0.32757   0.03718   0.04196   0.03726   0.18619   0.02768   2.62877   0.24479  
109  0.0027   6203.798976  x:  0.00617   0.01368   0.21986   0.00000   0.01298   0.00270   0.03856   0.00000   0.00000   0.01023   0.20328   0.04852   0.00533   0.16598   0.05572   0.00000   0.00730   0.14866   0.17634   0.00612   0.00000   0.08422   0.05008   0.00000   0.11007   0.00316   0.01600   0.00000   0.00000   0.15981   0.03882   0.00048   0.11511   0.04742   0.00000   0.00131   0.21541   0.01712   0.00000   0.00000   0.01843   0.07026   0.00000   0.00000   0.01024   0.32757   0.03718   0.04196   0.03726   0.18620   0.02768   2.62853   0.24479  
110  0.0003   6203.798975  x:  0.00616   0.01367   0.21986   0.00000   0.01298   0.00270   0.03856   0.00000   0.00000   0.01023   0.20327   0.04852   0.00533   0.16598   0.05572   0.00000   0.00730   0.14866   0.17634   0.00612   0.00000   0.08422   0.05008   0.00000   0.11007   0.00316   0.01600   0.00000   0.00000   0.15981   0.03882   0.00048   0.11511   0.04742   0.00000   0.00131   0.21541   0.01712   0.00000   0.00000   0.01843   0.07026   0.00000   0.00000   0.01024   0.32756   0.03718   0.04196   0.03726   0.18620   0.02768   2.62853   0.24479  
111  0.0000   6203.798975  x:  0.00616   0.01367   0.21986   0.00000   0.01298   0.00270   0.03856   0.00000   0.00000   0.01023   0.20327   0.04852   0.00533   0.16598   0.05572   0.00000   0.00730   0.14866   0.17634   0.00612   0.00000   0.08422   0.05008   0.00000   0.11007   0.00316   0.01600   0.00000   0.00000   0.15981   0.03882   0.00048   0.11511   0.04742   0.00000   0.00131   0.21541   0.01712   0.00000   0.00000   0.01843   0.07026   0.00000   0.00000   0.01024   0.32756   0.03718   0.04196   0.03726   0.18620   0.02768   2.62853   0.24479  
112  0.0000   6203.798975  x:  0.00616   0.01367   0.21986   0.00000   0.01298   0.00270   0.03856   0.00000   0.00000   0.01023   0.20327   0.04852   0.00533   0.16598   0.05572   0.00000   0.00730   0.14866   0.17634   0.00612   0.00000   0.08422   0.05008   0.00000   0.11007   0.00316   0.01600   0.00000   0.00000   0.15981   0.03882   0.00048   0.11511   0.04742   0.00000   0.00131   0.21541   0.01712   0.00000   0.00000   0.01843   0.07026   0.00000   0.00000   0.01024   0.32756   0.03718   0.04196   0.03726   0.18620   0.02768   2.62853   0.24479  
113  0.0000   6203.798975  x:  0.00616   0.01367   0.21986   0.00000   0.01298   0.00270   0.03856   0.00000   0.00000   0.01023   0.20327   0.04852   0.00533   0.16598   0.05572   0.00000   0.00730   0.14866   0.17634   0.00612   0.00000   0.08422   0.05008   0.00000   0.11007   0.00316   0.01600   0.00000   0.00000   0.15981   0.03882   0.00048   0.11511   0.04742   0.00000   0.00131   0.21541   0.01712   0.00000   0.00000   0.01843   0.07026   0.00000   0.00000   0.01024   0.32756   0.03718   0.04196   0.03726   0.18620   0.02768   2.62853   0.24479  