Supplemental results for CODEML (seqf: D:\pamlX\KARS1_test1\Human_KARS1_orthologues_primates.pml  treef: D:\pamlX\KARS1_test1\KARS1_gene_tree_primates.nh)


Model 0: one-ratio

Model 1: NearlyNeutral

MLEs of dN/dS (w) for site classes (K=2)

p:   0.81456  0.18544
w:   0.06177  1.00000

Naive Empirical Bayes (NEB) probabilities for 2 classes & postmean_w
(amino acids refer to 1st sequence: ENSP00000303043_Hsap/1-1791)

   1 N   0.00000 1.00000 ( 2)  1.000
   2 E   0.99689 0.00311 ( 1)  0.065
   3 L   0.98617 0.01383 ( 1)  0.075
   4 K   0.99689 0.00311 ( 1)  0.065
   5 R   0.99486 0.00514 ( 1)  0.067
   6 R   0.44615 0.55385 ( 2)  0.581
   7 L   0.98624 0.01376 ( 1)  0.075
   8 K   0.99689 0.00311 ( 1)  0.065
   9 A   0.99526 0.00474 ( 1)  0.066
  10 E   0.99686 0.00314 ( 1)  0.065
  11 K   0.99689 0.00311 ( 1)  0.065
  12 K   0.99675 0.00325 ( 1)  0.065
  13 V   0.99525 0.00475 ( 1)  0.066
  14 A   0.99525 0.00475 ( 1)  0.066
  15 E   0.99686 0.00314 ( 1)  0.065
  16 K   0.99682 0.00318 ( 1)  0.065
  17 E   0.99689 0.00311 ( 1)  0.065
  18 A   0.99525 0.00475 ( 1)  0.066
  19 K   0.99679 0.00321 ( 1)  0.065
  20 Q   0.99400 0.00600 ( 1)  0.067
  21 K   0.99680 0.00320 ( 1)  0.065
  22 E   0.99689 0.00311 ( 1)  0.065
  23 L   0.99525 0.00475 ( 1)  0.066
  24 S   0.99793 0.00207 ( 1)  0.064
  25 E   0.99689 0.00311 ( 1)  0.065
  26 K   0.99685 0.00315 ( 1)  0.065
  27 Q   0.99373 0.00627 ( 1)  0.068
  28 A   0.99526 0.00474 ( 1)  0.066
  29 T   0.99526 0.00474 ( 1)  0.066
  30 A   0.00000 1.00000 ( 2)  1.000
  31 A   0.04404 0.95596 ( 2)  0.959
  32 A   0.92784 0.07216 ( 1)  0.129
  33 T   0.99526 0.00474 ( 1)  0.066
  34 N   0.00000 1.00000 ( 2)  1.000
  35 H   0.09945 0.90055 ( 2)  0.907
  36 T   0.99526 0.00474 ( 1)  0.066
  37 D   0.96698 0.03302 ( 1)  0.093
  38 N   0.96769 0.03231 ( 1)  0.092
  39 G   0.99518 0.00482 ( 1)  0.066
  40 V   0.47416 0.52584 ( 2)  0.555
  41 G   0.99525 0.00475 ( 1)  0.066
  42 P   0.00000 1.00000 ( 2)  1.000
  43 E   0.99689 0.00311 ( 1)  0.065
  44 E   0.99671 0.00329 ( 1)  0.065
  45 E   0.99689 0.00311 ( 1)  0.065
  46 S   0.99793 0.00207 ( 1)  0.064
  47 V   0.00007 0.99993 ( 2)  1.000
  48 D   0.99796 0.00204 ( 1)  0.064
  49 P   0.99525 0.00475 ( 1)  0.066
  50 N   0.99796 0.00204 ( 1)  0.064
  51 R   0.99681 0.00319 ( 1)  0.065
  52 H   0.96744 0.03256 ( 1)  0.092
  53 A   0.92324 0.07676 ( 1)  0.134
  54 K   0.99689 0.00311 ( 1)  0.065
  55 R   0.99526 0.00474 ( 1)  0.066
  56 A   0.99526 0.00474 ( 1)  0.066
  57 S   0.99525 0.00475 ( 1)  0.066
  58 G   0.99525 0.00475 ( 1)  0.066
  59 G   0.31063 0.68937 ( 2)  0.709
  60 D   0.96447 0.03553 ( 1)  0.095
  61 I   0.99839 0.00161 ( 1)  0.063
  62 I   0.99689 0.00311 ( 1)  0.065
  63 G   0.99278 0.00722 ( 1)  0.069
  64 V   0.99526 0.00474 ( 1)  0.066
  65 Q   0.99400 0.00600 ( 1)  0.067
  66 G   0.99525 0.00475 ( 1)  0.066
  67 N   0.99796 0.00204 ( 1)  0.064
  68 P   0.99526 0.00474 ( 1)  0.066
  69 G   0.99517 0.00483 ( 1)  0.066
  70 K   0.99671 0.00329 ( 1)  0.065
  71 T   0.99526 0.00474 ( 1)  0.066
  72 K   0.99685 0.00315 ( 1)  0.065
  73 K   0.99689 0.00311 ( 1)  0.065
  74 G   0.99525 0.00475 ( 1)  0.066
  75 E   0.99678 0.00322 ( 1)  0.065
  76 L   0.98608 0.01392 ( 1)  0.075
  77 S   0.99796 0.00204 ( 1)  0.064
  78 I   0.99676 0.00324 ( 1)  0.065
  79 I   0.99689 0.00311 ( 1)  0.065
  80 P   0.92528 0.07472 ( 1)  0.132
  81 Y   0.43663 0.56337 ( 2)  0.590
  82 E   0.99689 0.00311 ( 1)  0.065
  83 I   0.99689 0.00311 ( 1)  0.065
  84 T   0.99525 0.00475 ( 1)  0.066
  85 L   0.98612 0.01388 ( 1)  0.075
  86 L   0.98608 0.01392 ( 1)  0.075
  87 S   0.99519 0.00481 ( 1)  0.066
  88 P   0.99526 0.00474 ( 1)  0.066
  89 C   0.99680 0.00320 ( 1)  0.065
  90 L   0.99083 0.00917 ( 1)  0.070
  91 H   0.99796 0.00204 ( 1)  0.064
  92 M   0.99931 0.00069 ( 1)  0.062
  93 L   0.98609 0.01391 ( 1)  0.075
  94 P   0.99526 0.00474 ( 1)  0.066
  95 H   0.99796 0.00204 ( 1)  0.064
  96 L   0.99525 0.00475 ( 1)  0.066
  97 H   0.99796 0.00204 ( 1)  0.064
  98 F   0.99796 0.00204 ( 1)  0.064
  99 G   0.99525 0.00475 ( 1)  0.066
 100 L   0.99517 0.00483 ( 1)  0.066
 101 K   0.99689 0.00311 ( 1)  0.065
 102 D   0.63434 0.36566 ( 1)  0.405
 103 K   0.99689 0.00311 ( 1)  0.065
 104 E   0.99689 0.00311 ( 1)  0.065
 105 T   0.99525 0.00475 ( 1)  0.066
 106 R   0.99600 0.00400 ( 1)  0.066
 107 Y   0.99527 0.00473 ( 1)  0.066
 108 R   0.92309 0.07691 ( 1)  0.134
 109 Q   0.99400 0.00600 ( 1)  0.067
 110 R   0.99526 0.00474 ( 1)  0.066
 111 Y   0.99527 0.00473 ( 1)  0.066
 112 L   0.99040 0.00960 ( 1)  0.071
 113 D   0.99793 0.00207 ( 1)  0.064
 114 L   0.99083 0.00917 ( 1)  0.070
 115 I   0.99689 0.00311 ( 1)  0.065
 116 L   0.98608 0.01392 ( 1)  0.075
 117 N   0.99796 0.00204 ( 1)  0.064
 118 D   0.99796 0.00204 ( 1)  0.064
 119 F   0.99783 0.00217 ( 1)  0.064
 120 V   0.99525 0.00475 ( 1)  0.066
 121 R   0.99688 0.00312 ( 1)  0.065
 122 Q   0.99400 0.00600 ( 1)  0.067
 123 K   0.99689 0.00311 ( 1)  0.065
 124 F   0.99796 0.00204 ( 1)  0.064
 125 I   0.99687 0.00313 ( 1)  0.065
 126 I   0.00387 0.99613 ( 2)  0.996
 127 R   0.92124 0.07876 ( 1)  0.136
 128 S   0.99525 0.00475 ( 1)  0.066
 129 K   0.99689 0.00311 ( 1)  0.065
 130 I   0.00000 1.00000 ( 2)  1.000
 131 I   0.00418 0.99582 ( 2)  0.996
 132 T   0.99525 0.00475 ( 1)  0.066
 133 Y   0.92545 0.07455 ( 1)  0.132
 134 I   0.99827 0.00173 ( 1)  0.063
 135 R   0.99448 0.00552 ( 1)  0.067
 136 S   0.99796 0.00204 ( 1)  0.064
 137 F   0.99792 0.00208 ( 1)  0.064
 138 L   0.00009 0.99991 ( 2)  1.000
 139 D   0.99795 0.00205 ( 1)  0.064
 140 E   0.94703 0.05297 ( 1)  0.111
 141 L   0.98608 0.01392 ( 1)  0.075
 142 G   0.99278 0.00722 ( 1)  0.069
 143 F   0.99794 0.00206 ( 1)  0.064
 144 L   0.98609 0.01391 ( 1)  0.075
 145 E   0.99689 0.00311 ( 1)  0.065
 146 I   0.94859 0.05141 ( 1)  0.110
 147 E   0.53540 0.46460 ( 1)  0.498
 148 T   0.85872 0.14128 ( 1)  0.194
 149 P   0.41459 0.58541 ( 2)  0.611
 150 M   0.98629 0.01371 ( 1)  0.075
 151 M   0.73010 0.26990 ( 1)  0.315
 152 N   0.00501 0.99499 ( 2)  0.995
 153 I   0.06222 0.93778 ( 2)  0.942
 154 I   0.05599 0.94401 ( 2)  0.947
 155 P   0.99525 0.00475 ( 1)  0.066
 156 A   0.03727 0.96273 ( 2)  0.965
 157 K   0.00139 0.99861 ( 2)  0.999
 158 P   0.99526 0.00474 ( 1)  0.066
 159 F   0.99792 0.00208 ( 1)  0.064
 160 I   0.41898 0.58102 ( 2)  0.607
 161 T   0.86054 0.13946 ( 1)  0.193
 162 Y   0.45321 0.54679 ( 2)  0.575
 163 H   0.61437 0.38563 ( 1)  0.424
 164 N   0.32753 0.67247 ( 2)  0.693
 165 E   0.50839 0.49161 ( 1)  0.523
 166 L   0.80346 0.19654 ( 1)  0.246
 167 D   0.99792 0.00208 ( 1)  0.064
 168 M   0.73010 0.26990 ( 1)  0.315
 169 N   0.56679 0.43321 ( 1)  0.468
 170 L   0.00124 0.99876 ( 2)  0.999
 171 Y   0.91659 0.08341 ( 1)  0.140
 172 M   0.98749 0.01251 ( 1)  0.074
 173 R   0.99526 0.00474 ( 1)  0.066
 174 I   0.00153 0.99847 ( 2)  0.999
 175 A   0.91944 0.08056 ( 1)  0.137
 176 P   0.99525 0.00475 ( 1)  0.066
 177 E   0.31781 0.68219 ( 2)  0.702
 178 L   0.91873 0.08127 ( 1)  0.138
 179 Y   0.92285 0.07715 ( 1)  0.134
 180 H   0.96570 0.03430 ( 1)  0.094
 181 K   0.27103 0.72897 ( 2)  0.746
 182 M   0.00000 1.00000 ( 2)  1.000
 183 L   0.99430 0.00570 ( 1)  0.067
 184 V   0.99525 0.00475 ( 1)  0.066
 185 V   0.99526 0.00474 ( 1)  0.066
 186 G   0.99525 0.00475 ( 1)  0.066
 187 G   0.99525 0.00475 ( 1)  0.066
 188 I   0.05538 0.94462 ( 2)  0.948
 189 D   0.96691 0.03309 ( 1)  0.093
 190 R   0.99284 0.00716 ( 1)  0.068
 191 V   0.99526 0.00474 ( 1)  0.066
 192 Y   0.42338 0.57662 ( 2)  0.603
 193 E   0.99689 0.00311 ( 1)  0.065
 194 I   0.99689 0.00311 ( 1)  0.065
 195 G   0.99278 0.00722 ( 1)  0.069
 196 R   0.44623 0.55377 ( 2)  0.581
 197 Q   0.99400 0.00600 ( 1)  0.067
 198 F   0.99796 0.00204 ( 1)  0.064
 199 R   0.89354 0.10646 ( 1)  0.162
 200 N   0.99796 0.00204 ( 1)  0.064
 201 E   0.99671 0.00329 ( 1)  0.065
 202 G   0.99491 0.00509 ( 1)  0.067
 203 I   0.99689 0.00311 ( 1)  0.065
 204 D   0.96463 0.03537 ( 1)  0.095
 205 L   0.99072 0.00928 ( 1)  0.070
 206 T   0.92903 0.07097 ( 1)  0.128
 207 H   0.99796 0.00204 ( 1)  0.064
 208 N   0.99793 0.00207 ( 1)  0.064
 209 P   0.99526 0.00474 ( 1)  0.066
 210 E   0.99689 0.00311 ( 1)  0.065
 211 F   0.99791 0.00209 ( 1)  0.064
 212 T   0.92870 0.07130 ( 1)  0.129
 213 T   0.99526 0.00474 ( 1)  0.066
 214 C   0.99689 0.00311 ( 1)  0.065
 215 E   0.99685 0.00315 ( 1)  0.065
 216 F   0.99793 0.00207 ( 1)  0.064
 217 Y   0.99527 0.00473 ( 1)  0.066
 218 M   0.99931 0.00069 ( 1)  0.062
 219 A   0.92754 0.07246 ( 1)  0.130
 220 Y   0.92865 0.07135 ( 1)  0.129
 221 A   0.99525 0.00475 ( 1)  0.066
 222 D   0.99794 0.00206 ( 1)  0.064
 223 Y   0.99527 0.00473 ( 1)  0.066
 224 H   0.08948 0.91052 ( 2)  0.916
 225 D   0.96519 0.03481 ( 1)  0.094
 226 L   0.00000 1.00000 ( 2)  1.000
 227 M   0.83953 0.16047 ( 1)  0.212
 228 E   0.99689 0.00311 ( 1)  0.065
 229 I   0.99689 0.00311 ( 1)  0.065
 230 T   0.47122 0.52878 ( 2)  0.558
 231 E   0.99689 0.00311 ( 1)  0.065
 232 K   0.54133 0.45867 ( 1)  0.492
 233 M   0.01287 0.98713 ( 2)  0.988
 234 V   0.92848 0.07152 ( 1)  0.129
 235 S   0.98903 0.01097 ( 1)  0.072
 236 G   0.03838 0.96162 ( 2)  0.964
 237 M   0.98807 0.01193 ( 1)  0.073
 238 V   0.99525 0.00475 ( 1)  0.066
 239 K   0.99689 0.00311 ( 1)  0.065
 240 H   0.99792 0.00208 ( 1)  0.064
 241 I   0.95118 0.04882 ( 1)  0.108
 242 T   0.99525 0.00475 ( 1)  0.066
 243 G   0.99510 0.00490 ( 1)  0.066
 244 S   0.00000 1.00000 ( 2)  1.000
 245 Y   0.99527 0.00473 ( 1)  0.066
 246 K   0.99682 0.00318 ( 1)  0.065
 247 V   0.00000 1.00000 ( 2)  1.000
 248 T   0.44639 0.55361 ( 2)  0.581
 249 Y   0.99527 0.00473 ( 1)  0.066
 250 H   0.99796 0.00204 ( 1)  0.064
 251 P   0.99525 0.00475 ( 1)  0.066
 252 D   0.96756 0.03244 ( 1)  0.092
 253 G   0.99525 0.00475 ( 1)  0.066
 254 P   0.99525 0.00475 ( 1)  0.066
 255 E   0.99689 0.00311 ( 1)  0.065
 256 G   0.92384 0.07616 ( 1)  0.133
 257 Q   0.99373 0.00627 ( 1)  0.068
 258 A   0.99526 0.00474 ( 1)  0.066
 259 Y   0.99527 0.00473 ( 1)  0.066
 260 D   0.00000 1.00000 ( 2)  1.000
 261 V   0.00428 0.99572 ( 2)  0.996
 262 D   0.96714 0.03286 ( 1)  0.093
 263 F   0.99796 0.00204 ( 1)  0.064
 264 T   0.99526 0.00474 ( 1)  0.066
 265 P   0.99525 0.00475 ( 1)  0.066
 266 P   0.99525 0.00475 ( 1)  0.066
 267 F   0.99793 0.00207 ( 1)  0.064
 268 R   0.88812 0.11188 ( 1)  0.167
 269 R   0.98692 0.01308 ( 1)  0.074
 270 I   0.99686 0.00314 ( 1)  0.065
 271 N   0.00000 1.00000 ( 2)  1.000
 272 M   0.99931 0.00069 ( 1)  0.062
 273 V   0.00000 1.00000 ( 2)  1.000
 274 E   0.99689 0.00311 ( 1)  0.065
 275 E   0.95072 0.04928 ( 1)  0.108
 276 L   0.99484 0.00516 ( 1)  0.067
 277 E   0.99689 0.00311 ( 1)  0.065
 278 K   0.94769 0.05231 ( 1)  0.111
 279 A   0.92778 0.07222 ( 1)  0.130
 280 L   0.01850 0.98150 ( 2)  0.983
 281 G   0.44514 0.55486 ( 2)  0.582
 282 M   0.00090 0.99910 ( 2)  0.999
 283 K   0.99685 0.00315 ( 1)  0.065
 284 L   0.98609 0.01391 ( 1)  0.075
 285 P   0.99525 0.00475 ( 1)  0.066
 286 E   0.55226 0.44774 ( 1)  0.482
 287 T   0.99526 0.00474 ( 1)  0.066
 288 N   0.09421 0.90579 ( 2)  0.912
 289 L   0.99525 0.00475 ( 1)  0.066
 290 F   0.99796 0.00204 ( 1)  0.064
 291 E   0.99689 0.00311 ( 1)  0.065
 292 T   0.99526 0.00474 ( 1)  0.066
 293 E   0.99689 0.00311 ( 1)  0.065
 294 E   0.01037 0.98963 ( 2)  0.990
 295 T   0.00638 0.99362 ( 2)  0.994
 296 R   0.00019 0.99981 ( 2)  1.000
 297 K   0.00000 1.00000 ( 2)  1.000
 298 I   0.06597 0.93403 ( 2)  0.938
 299 L   0.00001 0.99999 ( 2)  1.000
 300 D   0.00002 0.99998 ( 2)  1.000
 301 D   0.00667 0.99333 ( 2)  0.994
 302 I   0.00003 0.99997 ( 2)  1.000
 303 C   0.53416 0.46584 ( 1)  0.499
 304 V   0.00003 0.99997 ( 2)  1.000
 305 A   0.00000 1.00000 ( 2)  1.000
 306 K   0.00904 0.99096 ( 2)  0.992
 307 A   0.00244 0.99756 ( 2)  0.998
 308 V   0.92880 0.07120 ( 1)  0.129
 309 E   0.99689 0.00311 ( 1)  0.065
 310 C   0.99688 0.00312 ( 1)  0.065
 311 P   0.92777 0.07223 ( 1)  0.130
 312 P   0.92629 0.07371 ( 1)  0.131
 313 P   0.99526 0.00474 ( 1)  0.066
 314 R   0.99172 0.00828 ( 1)  0.070
 315 T   0.99526 0.00474 ( 1)  0.066
 316 T   0.99525 0.00475 ( 1)  0.066
 317 A   0.99526 0.00474 ( 1)  0.066
 318 R   0.99686 0.00314 ( 1)  0.065
 319 L   0.99525 0.00475 ( 1)  0.066
 320 L   0.99517 0.00483 ( 1)  0.066
 321 D   0.99781 0.00219 ( 1)  0.064
 322 K   0.99685 0.00315 ( 1)  0.065
 323 L   0.99525 0.00475 ( 1)  0.066
 324 V   0.99525 0.00475 ( 1)  0.066
 325 G   0.99517 0.00483 ( 1)  0.066
 326 E   0.95215 0.04785 ( 1)  0.107
 327 F   0.62166 0.37834 ( 1)  0.417
 328 L   0.98608 0.01392 ( 1)  0.075
 329 E   0.99685 0.00315 ( 1)  0.065
 330 V   0.46071 0.53929 ( 2)  0.568
 331 T   0.99526 0.00474 ( 1)  0.066
 332 C   0.99689 0.00311 ( 1)  0.065
 333 I   0.99689 0.00311 ( 1)  0.065
 334 N   0.99796 0.00204 ( 1)  0.064
 335 P   0.99526 0.00474 ( 1)  0.066
 336 T   0.99525 0.00475 ( 1)  0.066
 337 F   0.99796 0.00204 ( 1)  0.064
 338 I   0.99689 0.00311 ( 1)  0.065
 339 C   0.99689 0.00311 ( 1)  0.065
 340 D   0.99796 0.00204 ( 1)  0.064
 341 H   0.99796 0.00204 ( 1)  0.064
 342 P   0.99525 0.00475 ( 1)  0.066
 343 Q   0.99400 0.00600 ( 1)  0.067
 344 I   0.99839 0.00161 ( 1)  0.063
 345 M   0.98837 0.01163 ( 1)  0.073
 346 S   0.99794 0.00206 ( 1)  0.064
 347 P   0.99526 0.00474 ( 1)  0.066
 348 L   0.98990 0.01010 ( 1)  0.071
 349 A   0.99526 0.00474 ( 1)  0.066
 350 K   0.99686 0.00314 ( 1)  0.065
 351 W   0.15721 0.84279 ( 2)  0.853
 352 H   0.62857 0.37143 ( 1)  0.410
 353 R   0.92844 0.07156 ( 1)  0.129
 354 S   0.92500 0.07500 ( 1)  0.132
 355 K   0.99685 0.00315 ( 1)  0.065
 356 E   0.00417 0.99583 ( 2)  0.996
 357 G   0.92943 0.07057 ( 1)  0.128
 358 L   0.98608 0.01392 ( 1)  0.075
 359 T   0.99526 0.00474 ( 1)  0.066
 360 E   0.99689 0.00311 ( 1)  0.065
 361 R   0.42238 0.57762 ( 2)  0.604
 362 F   0.99796 0.00204 ( 1)  0.064
 363 E   0.99687 0.00313 ( 1)  0.065
 364 L   0.98590 0.01410 ( 1)  0.075
 365 F   0.96461 0.03539 ( 1)  0.095
 366 L   0.98608 0.01392 ( 1)  0.075
 367 N   0.99796 0.00204 ( 1)  0.064
 368 D   0.96758 0.03242 ( 1)  0.092
 369 P   0.99526 0.00474 ( 1)  0.066
 370 M   0.00000 1.00000 ( 2)  1.000
 371 R   0.00197 0.99803 ( 2)  0.998
 372 Q   0.90986 0.09014 ( 1)  0.146
 373 R   0.99273 0.00727 ( 1)  0.069
 374 Q   0.91160 0.08840 ( 1)  0.145
 375 L   0.42169 0.57831 ( 2)  0.604
 376 F   0.96762 0.03238 ( 1)  0.092
 377 E   0.95174 0.04826 ( 1)  0.107
 378 E   0.07110 0.92890 ( 2)  0.933
 379 Q   0.83999 0.16001 ( 1)  0.212


lnL = -5993.776680


Model 2: PositiveSelection

MLEs of dN/dS (w) for site classes (K=3)

p:   0.81274  0.15265  0.03461
w:   0.06775  1.00000  2.56583

Naive Empirical Bayes (NEB) probabilities for 3 classes & postmean_w & P(w>1)
(amino acids refer to 1st sequence: ENSP00000303043_Hsap/1-1791)

   1 N   0.00000 0.33542 0.66458 ( 3)  2.041  0.665
   2 E   0.99612 0.00388 0.00000 ( 1)  0.071  0.000
   3 L   0.98480 0.01512 0.00007 ( 1)  0.082  0.000
   4 K   0.99612 0.00388 0.00000 ( 1)  0.071  0.000
   5 R   0.99394 0.00605 0.00001 ( 1)  0.073  0.000
   6 R   0.44815 0.54859 0.00327 ( 2)  0.587  0.003
   7 L   0.98486 0.01507 0.00006 ( 1)  0.082  0.000
   8 K   0.99612 0.00388 0.00000 ( 1)  0.071  0.000
   9 A   0.99437 0.00562 0.00001 ( 1)  0.073  0.000
  10 E   0.99609 0.00391 0.00000 ( 1)  0.071  0.000
  11 K   0.99612 0.00388 0.00000 ( 1)  0.071  0.000
  12 K   0.99597 0.00402 0.00000 ( 1)  0.072  0.000
  13 V   0.99437 0.00563 0.00001 ( 1)  0.073  0.000
  14 A   0.99437 0.00563 0.00001 ( 1)  0.073  0.000
  15 E   0.99609 0.00391 0.00000 ( 1)  0.071  0.000
  16 K   0.99604 0.00396 0.00000 ( 1)  0.071  0.000
  17 E   0.99612 0.00388 0.00000 ( 1)  0.071  0.000
  18 A   0.99437 0.00562 0.00001 ( 1)  0.073  0.000
  19 K   0.99601 0.00399 0.00000 ( 1)  0.071  0.000
  20 Q   0.99272 0.00727 0.00001 ( 1)  0.075  0.000
  21 K   0.99603 0.00397 0.00000 ( 1)  0.071  0.000
  22 E   0.99612 0.00388 0.00000 ( 1)  0.071  0.000
  23 L   0.99436 0.00563 0.00001 ( 1)  0.073  0.000
  24 S   0.99729 0.00271 0.00000 ( 1)  0.070  0.000
  25 E   0.99612 0.00388 0.00000 ( 1)  0.071  0.000
  26 K   0.99607 0.00392 0.00000 ( 1)  0.071  0.000
  27 Q   0.99244 0.00754 0.00001 ( 1)  0.075  0.000
  28 A   0.99437 0.00562 0.00001 ( 1)  0.073  0.000
  29 T   0.99437 0.00562 0.00001 ( 1)  0.073  0.000
  30 A   0.00000 0.02774 0.97226 ( 3)  2.522  0.972
  31 A   0.04818 0.93580 0.01601 ( 2)  0.980  0.016
  32 A   0.92232 0.07749 0.00019 ( 1)  0.140  0.000
  33 T   0.99437 0.00562 0.00001 ( 1)  0.073  0.000
  34 N   0.00000 0.21003 0.78997 ( 3)  2.237  0.790
  35 H   0.09984 0.89552 0.00464 ( 2)  0.914  0.005
  36 T   0.99437 0.00562 0.00001 ( 1)  0.073  0.000
  37 D   0.96086 0.03910 0.00003 ( 1)  0.104  0.000
  38 N   0.96159 0.03839 0.00003 ( 1)  0.104  0.000
  39 G   0.99429 0.00571 0.00001 ( 1)  0.073  0.000
  40 V   0.47403 0.52332 0.00265 ( 2)  0.562  0.003
  41 G   0.99437 0.00563 0.00001 ( 1)  0.073  0.000
  42 P   0.00000 0.04338 0.95662 ( 3)  2.498  0.957
  43 E   0.99612 0.00388 0.00000 ( 1)  0.071  0.000
  44 E   0.99593 0.00407 0.00000 ( 1)  0.072  0.000
  45 E   0.99612 0.00388 0.00000 ( 1)  0.071  0.000
  46 S   0.99729 0.00271 0.00000 ( 1)  0.070  0.000
  47 V   0.00006 0.67476 0.32517 ( 2)  1.509  0.325
  48 D   0.99732 0.00268 0.00000 ( 1)  0.070  0.000
  49 P   0.99436 0.00563 0.00001 ( 1)  0.073  0.000
  50 N   0.99732 0.00268 0.00000 ( 1)  0.070  0.000
  51 R   0.99603 0.00396 0.00000 ( 1)  0.071  0.000
  52 H   0.96129 0.03868 0.00003 ( 1)  0.104  0.000
  53 A   0.91769 0.08209 0.00022 ( 1)  0.145  0.000
  54 K   0.99612 0.00388 0.00000 ( 1)  0.071  0.000
  55 R   0.99437 0.00562 0.00001 ( 1)  0.073  0.000
  56 A   0.99437 0.00562 0.00001 ( 1)  0.073  0.000
  57 S   0.99437 0.00563 0.00001 ( 1)  0.073  0.000
  58 G   0.99436 0.00563 0.00001 ( 1)  0.073  0.000
  59 G   0.32355 0.66664 0.00981 ( 2)  0.714  0.010
  60 D   0.95810 0.04186 0.00004 ( 1)  0.107  0.000
  61 I   0.99793 0.00207 0.00000 ( 1)  0.070  0.000
  62 I   0.99612 0.00388 0.00000 ( 1)  0.071  0.000
  63 G   0.99185 0.00814 0.00001 ( 1)  0.075  0.000
  64 V   0.99437 0.00562 0.00001 ( 1)  0.073  0.000
  65 Q   0.99272 0.00727 0.00001 ( 1)  0.075  0.000
  66 G   0.99436 0.00563 0.00001 ( 1)  0.073  0.000
  67 N   0.99732 0.00268 0.00000 ( 1)  0.070  0.000
  68 P   0.99437 0.00562 0.00001 ( 1)  0.073  0.000
  69 G   0.99428 0.00572 0.00001 ( 1)  0.073  0.000
  70 K   0.99592 0.00407 0.00000 ( 1)  0.072  0.000
  71 T   0.99437 0.00562 0.00001 ( 1)  0.073  0.000
  72 K   0.99607 0.00392 0.00000 ( 1)  0.071  0.000
  73 K   0.99612 0.00388 0.00000 ( 1)  0.071  0.000
  74 G   0.99437 0.00563 0.00001 ( 1)  0.073  0.000
  75 E   0.99601 0.00399 0.00000 ( 1)  0.071  0.000
  76 L   0.98471 0.01522 0.00007 ( 1)  0.082  0.000
  77 S   0.99732 0.00268 0.00000 ( 1)  0.070  0.000
  78 I   0.99598 0.00402 0.00000 ( 1)  0.072  0.000
  79 I   0.99612 0.00388 0.00000 ( 1)  0.071  0.000
  80 P   0.91980 0.08000 0.00021 ( 1)  0.143  0.000
  81 Y   0.44075 0.55575 0.00350 ( 2)  0.595  0.004
  82 E   0.99612 0.00388 0.00000 ( 1)  0.071  0.000
  83 I   0.99612 0.00388 0.00000 ( 1)  0.071  0.000
  84 T   0.99437 0.00563 0.00001 ( 1)  0.073  0.000
  85 L   0.98475 0.01518 0.00007 ( 1)  0.082  0.000
  86 L   0.98471 0.01522 0.00007 ( 1)  0.082  0.000
  87 S   0.99431 0.00569 0.00001 ( 1)  0.073  0.000
  88 P   0.99437 0.00562 0.00001 ( 1)  0.073  0.000
  89 C   0.99602 0.00398 0.00000 ( 1)  0.071  0.000
  90 L   0.98943 0.01055 0.00002 ( 1)  0.078  0.000
  91 H   0.99732 0.00268 0.00000 ( 1)  0.070  0.000
  92 M   0.99902 0.00098 0.00000 ( 1)  0.069  0.000
  93 L   0.98472 0.01522 0.00006 ( 1)  0.082  0.000
  94 P   0.99437 0.00562 0.00001 ( 1)  0.073  0.000
  95 H   0.99732 0.00268 0.00000 ( 1)  0.070  0.000
  96 L   0.99437 0.00563 0.00001 ( 1)  0.073  0.000
  97 H   0.99732 0.00268 0.00000 ( 1)  0.070  0.000
  98 F   0.99732 0.00268 0.00000 ( 1)  0.070  0.000
  99 G   0.99437 0.00563 0.00001 ( 1)  0.073  0.000
 100 L   0.99428 0.00571 0.00001 ( 1)  0.073  0.000
 101 K   0.99612 0.00388 0.00000 ( 1)  0.071  0.000
 102 D   0.61567 0.38342 0.00090 ( 1)  0.427  0.001
 103 K   0.99612 0.00388 0.00000 ( 1)  0.071  0.000
 104 E   0.99612 0.00388 0.00000 ( 1)  0.071  0.000
 105 T   0.99437 0.00563 0.00001 ( 1)  0.073  0.000
 106 R   0.99512 0.00488 0.00001 ( 1)  0.072  0.000
 107 Y   0.99438 0.00562 0.00001 ( 1)  0.073  0.000
 108 R   0.91757 0.08221 0.00022 ( 1)  0.145  0.000
 109 Q   0.99272 0.00727 0.00001 ( 1)  0.075  0.000
 110 R   0.99437 0.00562 0.00001 ( 1)  0.073  0.000
 111 Y   0.99438 0.00562 0.00001 ( 1)  0.073  0.000
 112 L   0.98899 0.01098 0.00003 ( 1)  0.078  0.000
 113 D   0.99729 0.00271 0.00000 ( 1)  0.070  0.000
 114 L   0.98943 0.01055 0.00002 ( 1)  0.078  0.000
 115 I   0.99612 0.00388 0.00000 ( 1)  0.071  0.000
 116 L   0.98471 0.01522 0.00007 ( 1)  0.082  0.000
 117 N   0.99732 0.00268 0.00000 ( 1)  0.070  0.000
 118 D   0.99732 0.00268 0.00000 ( 1)  0.070  0.000
 119 F   0.99718 0.00282 0.00000 ( 1)  0.070  0.000
 120 V   0.99437 0.00563 0.00001 ( 1)  0.073  0.000
 121 R   0.99611 0.00389 0.00000 ( 1)  0.071  0.000
 122 Q   0.99272 0.00727 0.00001 ( 1)  0.075  0.000
 123 K   0.99612 0.00388 0.00000 ( 1)  0.071  0.000
 124 F   0.99732 0.00268 0.00000 ( 1)  0.070  0.000
 125 I   0.99610 0.00390 0.00000 ( 1)  0.071  0.000
 126 I   0.00445 0.96809 0.02746 ( 2)  1.039  0.027
 127 R   0.91575 0.08401 0.00024 ( 1)  0.147  0.000
 128 S   0.99437 0.00563 0.00001 ( 1)  0.073  0.000
 129 K   0.99612 0.00388 0.00000 ( 1)  0.071  0.000
 130 I   0.00000 0.13680 0.86320 ( 3)  2.352  0.863
 131 I   0.00477 0.97018 0.02505 ( 2)  1.035  0.025
 132 T   0.99437 0.00563 0.00001 ( 1)  0.073  0.000
 133 Y   0.91975 0.08005 0.00020 ( 1)  0.143  0.000
 134 I   0.99779 0.00221 0.00000 ( 1)  0.070  0.000
 135 R   0.99352 0.00647 0.00001 ( 1)  0.074  0.000
 136 S   0.99732 0.00268 0.00000 ( 1)  0.070  0.000
 137 F   0.99727 0.00273 0.00000 ( 1)  0.070  0.000
 138 L   0.00008 0.66525 0.33467 ( 2)  1.524  0.335
 139 D   0.99731 0.00269 0.00000 ( 1)  0.070  0.000
 140 E   0.94047 0.05944 0.00009 ( 1)  0.123  0.000
 141 L   0.98471 0.01522 0.00007 ( 1)  0.082  0.000
 142 G   0.99185 0.00814 0.00001 ( 1)  0.075  0.000
 143 F   0.99730 0.00270 0.00000 ( 1)  0.070  0.000
 144 L   0.98472 0.01522 0.00007 ( 1)  0.082  0.000
 145 E   0.99612 0.00388 0.00000 ( 1)  0.071  0.000
 146 I   0.94223 0.05768 0.00009 ( 1)  0.122  0.000
 147 E   0.52745 0.47077 0.00178 ( 1)  0.511  0.002
 148 T   0.85005 0.14924 0.00071 ( 1)  0.209  0.001
 149 P   0.41836 0.57765 0.00400 ( 2)  0.616  0.004
 150 M   0.98256 0.01744 0.00000 ( 1)  0.084  0.000
 151 M   0.70194 0.29779 0.00027 ( 1)  0.346  0.000
 152 N   0.00557 0.97583 0.01860 ( 2)  1.024  0.019
 153 I   0.06575 0.92495 0.00931 ( 2)  0.953  0.009
 154 I   0.05941 0.92966 0.01093 ( 2)  0.962  0.011
 155 P   0.99437 0.00563 0.00001 ( 1)  0.073  0.000
 156 A   0.04109 0.93920 0.01971 ( 2)  0.993  0.020
 157 K   0.00157 0.94463 0.05380 ( 2)  1.083  0.054
 158 P   0.99437 0.00562 0.00001 ( 1)  0.073  0.000
 159 F   0.99727 0.00273 0.00000 ( 1)  0.070  0.000
 160 I   0.41249 0.58408 0.00343 ( 2)  0.621  0.003
 161 T   0.85169 0.14760 0.00071 ( 1)  0.207  0.001
 162 Y   0.45445 0.54251 0.00303 ( 2)  0.581  0.003
 163 H   0.59592 0.40318 0.00090 ( 1)  0.446  0.001
 164 N   0.31642 0.67921 0.00438 ( 2)  0.712  0.004
 165 E   0.50079 0.49718 0.00202 ( 1)  0.536  0.002
 166 L   0.80202 0.19555 0.00243 ( 1)  0.256  0.002
 167 D   0.99727 0.00273 0.00000 ( 1)  0.070  0.000
 168 M   0.70194 0.29779 0.00027 ( 1)  0.346  0.000
 169 N   0.55167 0.44690 0.00143 ( 1)  0.488  0.001
 170 L   0.00141 0.87223 0.12636 ( 2)  1.197  0.126
 171 Y   0.91108 0.08862 0.00030 ( 1)  0.151  0.000
 172 M   0.98398 0.01602 0.00000 ( 1)  0.083  0.000
 173 R   0.99437 0.00562 0.00001 ( 1)  0.073  0.000
 174 I   0.00175 0.93780 0.06045 ( 2)  1.093  0.060
 175 A   0.91386 0.08590 0.00024 ( 1)  0.148  0.000
 176 P   0.99437 0.00563 0.00001 ( 1)  0.073  0.000
 177 E   0.31437 0.67978 0.00584 ( 2)  0.716  0.006
 178 L   0.91321 0.08654 0.00025 ( 1)  0.149  0.000
 179 Y   0.91709 0.08269 0.00022 ( 1)  0.145  0.000
 180 H   0.95953 0.04044 0.00003 ( 1)  0.106  0.000
 181 K   0.26691 0.72686 0.00623 ( 2)  0.761  0.006
 182 M   0.00000 0.92614 0.07386 ( 2)  1.116  0.074
 183 L   0.99333 0.00666 0.00001 ( 1)  0.074  0.000
 184 V   0.99437 0.00563 0.00001 ( 1)  0.073  0.000
 185 V   0.99437 0.00562 0.00001 ( 1)  0.073  0.000
 186 G   0.99437 0.00563 0.00001 ( 1)  0.073  0.000
 187 G   0.99437 0.00563 0.00001 ( 1)  0.073  0.000
 188 I   0.05877 0.92887 0.01236 ( 2)  0.965  0.012
 189 D   0.96079 0.03917 0.00003 ( 1)  0.104  0.000
 190 R   0.99192 0.00807 0.00001 ( 1)  0.075  0.000
 191 V   0.99437 0.00562 0.00001 ( 1)  0.073  0.000
 192 Y   0.42590 0.57020 0.00390 ( 2)  0.609  0.004
 193 E   0.99612 0.00388 0.00000 ( 1)  0.071  0.000
 194 I   0.99612 0.00388 0.00000 ( 1)  0.071  0.000
 195 G   0.99185 0.00814 0.00001 ( 1)  0.075  0.000
 196 R   0.44821 0.54852 0.00326 ( 2)  0.587  0.003
 197 Q   0.99272 0.00727 0.00001 ( 1)  0.075  0.000
 198 F   0.99732 0.00268 0.00000 ( 1)  0.070  0.000
 199 R   0.89047 0.10904 0.00048 ( 1)  0.171  0.000
 200 N   0.99732 0.00268 0.00000 ( 1)  0.070  0.000
 201 E   0.99593 0.00407 0.00000 ( 1)  0.072  0.000
 202 G   0.99401 0.00599 0.00001 ( 1)  0.073  0.000
 203 I   0.99612 0.00388 0.00000 ( 1)  0.071  0.000
 204 D   0.95826 0.04171 0.00003 ( 1)  0.107  0.000
 205 L   0.98932 0.01066 0.00003 ( 1)  0.078  0.000
 206 T   0.92336 0.07644 0.00020 ( 1)  0.140  0.000
 207 H   0.99732 0.00268 0.00000 ( 1)  0.070  0.000
 208 N   0.99729 0.00271 0.00000 ( 1)  0.070  0.000
 209 P   0.99437 0.00562 0.00001 ( 1)  0.073  0.000
 210 E   0.99612 0.00388 0.00000 ( 1)  0.071  0.000
 211 F   0.99726 0.00274 0.00000 ( 1)  0.070  0.000
 212 T   0.92314 0.07668 0.00018 ( 1)  0.140  0.000
 213 T   0.99437 0.00562 0.00001 ( 1)  0.073  0.000
 214 C   0.99612 0.00388 0.00000 ( 1)  0.071  0.000
 215 E   0.99608 0.00392 0.00000 ( 1)  0.071  0.000
 216 F   0.99729 0.00271 0.00000 ( 1)  0.070  0.000
 217 Y   0.99438 0.00562 0.00001 ( 1)  0.073  0.000
 218 M   0.99902 0.00098 0.00000 ( 1)  0.069  0.000
 219 A   0.92203 0.07778 0.00019 ( 1)  0.141  0.000
 220 Y   0.92307 0.07675 0.00018 ( 1)  0.140  0.000
 221 A   0.99437 0.00563 0.00001 ( 1)  0.073  0.000
 222 D   0.99730 0.00270 0.00000 ( 1)  0.070  0.000
 223 Y   0.99438 0.00562 0.00001 ( 1)  0.073  0.000
 224 H   0.09049 0.90362 0.00589 ( 2)  0.925  0.006
 225 D   0.95887 0.04109 0.00004 ( 1)  0.106  0.000
 226 L   0.00000 0.04276 0.95724 ( 3)  2.499  0.957
 227 M   0.81654 0.18338 0.00008 ( 1)  0.239  0.000
 228 E   0.99612 0.00388 0.00000 ( 1)  0.071  0.000
 229 I   0.99612 0.00388 0.00000 ( 1)  0.071  0.000
 230 T   0.47113 0.52596 0.00291 ( 2)  0.565  0.003
 231 E   0.99612 0.00388 0.00000 ( 1)  0.071  0.000
 232 K   0.53191 0.46631 0.00178 ( 1)  0.507  0.002
 233 M   0.01351 0.98117 0.00532 ( 2)  0.996  0.005
 234 V   0.92291 0.07690 0.00018 ( 1)  0.140  0.000
 235 S   0.98821 0.01176 0.00004 ( 1)  0.079  0.000
 236 G   0.04230 0.93739 0.02031 ( 2)  0.992  0.020
 237 M   0.98470 0.01530 0.00000 ( 1)  0.082  0.000
 238 V   0.99437 0.00563 0.00001 ( 1)  0.073  0.000
 239 K   0.99612 0.00388 0.00000 ( 1)  0.071  0.000
 240 H   0.99728 0.00272 0.00000 ( 1)  0.070  0.000
 241 I   0.94486 0.05506 0.00008 ( 1)  0.119  0.000
 242 T   0.99437 0.00563 0.00001 ( 1)  0.073  0.000
 243 G   0.99421 0.00579 0.00001 ( 1)  0.073  0.000
 244 S   0.00000 0.57486 0.42514 ( 2)  1.666  0.425
 245 Y   0.99438 0.00562 0.00001 ( 1)  0.073  0.000
 246 K   0.99604 0.00396 0.00000 ( 1)  0.071  0.000
 247 V   0.00000 0.33707 0.66293 ( 3)  2.038  0.663
 248 T   0.44832 0.54840 0.00327 ( 2)  0.587  0.003
 249 Y   0.99438 0.00562 0.00001 ( 1)  0.073  0.000
 250 H   0.99732 0.00268 0.00000 ( 1)  0.070  0.000
 251 P   0.99436 0.00563 0.00001 ( 1)  0.073  0.000
 252 D   0.96143 0.03854 0.00003 ( 1)  0.104  0.000
 253 G   0.99436 0.00563 0.00001 ( 1)  0.073  0.000
 254 P   0.99436 0.00563 0.00001 ( 1)  0.073  0.000
 255 E   0.99612 0.00388 0.00000 ( 1)  0.071  0.000
 256 G   0.91829 0.08150 0.00021 ( 1)  0.144  0.000
 257 Q   0.99245 0.00754 0.00001 ( 1)  0.075  0.000
 258 A   0.99437 0.00562 0.00001 ( 1)  0.073  0.000
 259 Y   0.99438 0.00562 0.00001 ( 1)  0.073  0.000
 260 D   0.00000 0.02452 0.97548 ( 3)  2.527  0.975
 261 V   0.00488 0.97001 0.02511 ( 2)  1.035  0.025
 262 D   0.96103 0.03894 0.00003 ( 1)  0.104  0.000
 263 F   0.99732 0.00268 0.00000 ( 1)  0.070  0.000
 264 T   0.99437 0.00562 0.00001 ( 1)  0.073  0.000
 265 P   0.99436 0.00563 0.00001 ( 1)  0.073  0.000
 266 P   0.99437 0.00562 0.00001 ( 1)  0.073  0.000
 267 F   0.99729 0.00271 0.00000 ( 1)  0.070  0.000
 268 R   0.88490 0.11438 0.00071 ( 1)  0.176  0.001
 269 R   0.98565 0.01422 0.00013 ( 1)  0.081  0.000
 270 I   0.99608 0.00391 0.00000 ( 1)  0.071  0.000
 271 N   0.00000 0.81716 0.18284 ( 2)  1.286  0.183
 272 M   0.99902 0.00098 0.00000 ( 1)  0.069  0.000
 273 V   0.00000 0.03135 0.96865 ( 3)  2.517  0.969
 274 E   0.99612 0.00388 0.00000 ( 1)  0.071  0.000
 275 E   0.94439 0.05554 0.00007 ( 1)  0.120  0.000
 276 L   0.99391 0.00608 0.00001 ( 1)  0.073  0.000
 277 E   0.99612 0.00388 0.00000 ( 1)  0.071  0.000
 278 K   0.94119 0.05872 0.00009 ( 1)  0.123  0.000
 279 A   0.92226 0.07755 0.00019 ( 1)  0.141  0.000
 280 L   0.02062 0.91790 0.06147 ( 2)  1.077  0.061
 281 G   0.44715 0.54944 0.00342 ( 2)  0.588  0.003
 282 M   0.00103 0.98790 0.01106 ( 2)  1.016  0.011
 283 K   0.99607 0.00392 0.00000 ( 1)  0.071  0.000
 284 L   0.98471 0.01522 0.00007 ( 1)  0.082  0.000
 285 P   0.99436 0.00563 0.00001 ( 1)  0.073  0.000
 286 E   0.54206 0.45644 0.00150 ( 1)  0.497  0.001
 287 T   0.99437 0.00562 0.00001 ( 1)  0.073  0.000
 288 N   0.09544 0.89833 0.00623 ( 2)  0.921  0.006
 289 L   0.99437 0.00563 0.00001 ( 1)  0.073  0.000
 290 F   0.99732 0.00268 0.00000 ( 1)  0.070  0.000
 291 E   0.99612 0.00388 0.00000 ( 1)  0.071  0.000
 292 T   0.99437 0.00562 0.00001 ( 1)  0.073  0.000
 293 E   0.99612 0.00388 0.00000 ( 1)  0.071  0.000
 294 E   0.01072 0.94150 0.04779 ( 2)  1.065  0.048
 295 T   0.00659 0.89936 0.09406 ( 2)  1.141  0.094
 296 R   0.00023 0.90924 0.09053 ( 2)  1.142  0.091
 297 K   0.00000 0.50281 0.49719 ( 2)  1.779  0.497
 298 I   0.06947 0.92174 0.00878 ( 2)  0.949  0.009
 299 L   0.00001 0.75212 0.24787 ( 2)  1.388  0.248
 300 D   0.00002 0.86645 0.13353 ( 2)  1.209  0.134
 301 D   0.00731 0.97882 0.01387 ( 2)  1.015  0.014
 302 I   0.00004 0.86081 0.13915 ( 2)  1.218  0.139
 303 C   0.52522 0.47294 0.00185 ( 1)  0.513  0.002
 304 V   0.00002 0.62127 0.37870 ( 2)  1.593  0.379
 305 A   0.00000 0.40127 0.59873 ( 3)  1.937  0.599
 306 K   0.00930 0.93156 0.05914 ( 2)  1.084  0.059
 307 A   0.00286 0.94483 0.05231 ( 2)  1.079  0.052
 308 V   0.92325 0.07657 0.00018 ( 1)  0.140  0.000
 309 E   0.99612 0.00388 0.00000 ( 1)  0.071  0.000
 310 C   0.99611 0.00389 0.00000 ( 1)  0.071  0.000
 311 P   0.92226 0.07755 0.00019 ( 1)  0.141  0.000
 312 P   0.92078 0.07902 0.00020 ( 1)  0.142  0.000
 313 P   0.99437 0.00562 0.00001 ( 1)  0.073  0.000
 314 R   0.99074 0.00924 0.00002 ( 1)  0.076  0.000
 315 T   0.99437 0.00562 0.00001 ( 1)  0.073  0.000
 316 T   0.99437 0.00563 0.00001 ( 1)  0.073  0.000
 317 A   0.99437 0.00562 0.00001 ( 1)  0.073  0.000
 318 R   0.99608 0.00391 0.00000 ( 1)  0.071  0.000
 319 L   0.99437 0.00563 0.00001 ( 1)  0.073  0.000
 320 L   0.99428 0.00572 0.00001 ( 1)  0.073  0.000
 321 D   0.99716 0.00284 0.00000 ( 1)  0.070  0.000
 322 K   0.99607 0.00392 0.00000 ( 1)  0.071  0.000
 323 L   0.99437 0.00563 0.00001 ( 1)  0.073  0.000
 324 V   0.99437 0.00562 0.00001 ( 1)  0.073  0.000
 325 G   0.99428 0.00571 0.00001 ( 1)  0.073  0.000
 326 E   0.94581 0.05412 0.00007 ( 1)  0.118  0.000
 327 F   0.60313 0.39599 0.00088 ( 1)  0.439  0.001
 328 L   0.98471 0.01522 0.00007 ( 1)  0.082  0.000
 329 E   0.99607 0.00392 0.00000 ( 1)  0.071  0.000
 330 V   0.46115 0.53580 0.00305 ( 2)  0.575  0.003
 331 T   0.99437 0.00562 0.00001 ( 1)  0.073  0.000
 332 C   0.99612 0.00388 0.00000 ( 1)  0.071  0.000
 333 I   0.99612 0.00388 0.00000 ( 1)  0.071  0.000
 334 N   0.99732 0.00268 0.00000 ( 1)  0.070  0.000
 335 P   0.99437 0.00562 0.00001 ( 1)  0.073  0.000
 336 T   0.99437 0.00563 0.00001 ( 1)  0.073  0.000
 337 F   0.99732 0.00268 0.00000 ( 1)  0.070  0.000
 338 I   0.99612 0.00388 0.00000 ( 1)  0.071  0.000
 339 C   0.99612 0.00388 0.00000 ( 1)  0.071  0.000
 340 D   0.99732 0.00268 0.00000 ( 1)  0.070  0.000
 341 H   0.99732 0.00268 0.00000 ( 1)  0.070  0.000
 342 P   0.99436 0.00563 0.00001 ( 1)  0.073  0.000
 343 Q   0.99272 0.00727 0.00001 ( 1)  0.075  0.000
 344 I   0.99793 0.00207 0.00000 ( 1)  0.070  0.000
 345 M   0.98503 0.01496 0.00000 ( 1)  0.082  0.000
 346 S   0.99730 0.00270 0.00000 ( 1)  0.070  0.000
 347 P   0.99437 0.00562 0.00001 ( 1)  0.073  0.000
 348 L   0.98849 0.01147 0.00004 ( 1)  0.079  0.000
 349 A   0.99437 0.00562 0.00001 ( 1)  0.073  0.000
 350 K   0.99608 0.00391 0.00000 ( 1)  0.071  0.000
 351 W   0.15616 0.82914 0.01470 ( 2)  0.877  0.015
 352 H   0.60942 0.38974 0.00084 ( 1)  0.433  0.001
 353 R   0.92290 0.07692 0.00018 ( 1)  0.140  0.000
 354 S   0.92002 0.07978 0.00020 ( 1)  0.143  0.000
 355 K   0.99608 0.00392 0.00000 ( 1)  0.071  0.000
 356 E   0.00476 0.96997 0.02527 ( 2)  1.035  0.025
 357 G   0.92383 0.07600 0.00017 ( 1)  0.139  0.000
 358 L   0.98471 0.01522 0.00007 ( 1)  0.082  0.000
 359 T   0.99437 0.00562 0.00001 ( 1)  0.073  0.000
 360 E   0.99612 0.00388 0.00000 ( 1)  0.071  0.000
 361 R   0.42510 0.57094 0.00396 ( 2)  0.610  0.004
 362 F   0.99732 0.00268 0.00000 ( 1)  0.070  0.000
 363 E   0.99610 0.00390 0.00000 ( 1)  0.071  0.000
 364 L   0.98453 0.01539 0.00007 ( 1)  0.082  0.000
 365 F   0.95824 0.04173 0.00004 ( 1)  0.107  0.000
 366 L   0.98471 0.01522 0.00007 ( 1)  0.082  0.000
 367 N   0.99732 0.00268 0.00000 ( 1)  0.070  0.000
 368 D   0.96147 0.03850 0.00003 ( 1)  0.104  0.000
 369 P   0.99437 0.00562 0.00001 ( 1)  0.073  0.000
 370 M   0.00000 0.13638 0.86362 ( 3)  2.352  0.864
 371 R   0.00235 0.92959 0.06806 ( 2)  1.104  0.068
 372 Q   0.90106 0.09861 0.00033 ( 1)  0.161  0.000
 373 R   0.99181 0.00818 0.00001 ( 1)  0.075  0.000
 374 Q   0.90278 0.09690 0.00031 ( 1)  0.159  0.000
 375 L   0.42489 0.57113 0.00399 ( 2)  0.610  0.004
 376 F   0.96149 0.03848 0.00003 ( 1)  0.104  0.000
 377 E   0.94540 0.05453 0.00007 ( 1)  0.119  0.000
 378 E   0.07416 0.91807 0.00777 ( 2)  0.943  0.008
 379 Q   0.82654 0.17232 0.00114 ( 1)  0.231  0.001

Positively selected sites

	Prob(w>1)  mean w

     1 N      0.665         2.041
    30 A      0.972*        2.522
    34 N      0.790         2.237
    42 P      0.957*        2.498
   130 I      0.863         2.352
   226 L      0.957*        2.499
   247 V      0.663         2.038
   260 D      0.975*        2.527
   273 V      0.969*        2.517
   305 A      0.599         1.937
   370 M      0.864         2.352


lnL = -5981.435802

Bayes Empirical Bayes (BEB) probabilities for 3 classes (class) & postmean_w
(amino acids refer to 1st sequence: ENSP00000303043_Hsap/1-1791)

   1 N   0.00000 0.32323 0.67677 ( 3)  2.034 +-  0.728
   2 E   0.99623 0.00377 0.00000 ( 1)  0.054 +-  0.058
   3 L   0.98485 0.01506 0.00009 ( 1)  0.065 +-  0.118
   4 K   0.99623 0.00377 0.00000 ( 1)  0.054 +-  0.058
   5 R   0.99407 0.00592 0.00001 ( 1)  0.056 +-  0.073
   6 R   0.32172 0.67292 0.00536 ( 2)  0.702 +-  0.462
   7 L   0.98491 0.01501 0.00008 ( 1)  0.064 +-  0.118
   8 K   0.99623 0.00377 0.00000 ( 1)  0.054 +-  0.058
   9 A   0.99449 0.00550 0.00001 ( 1)  0.055 +-  0.071
  10 E   0.99620 0.00379 0.00000 ( 1)  0.054 +-  0.059
  11 K   0.99623 0.00377 0.00000 ( 1)  0.054 +-  0.058
  12 K   0.99609 0.00391 0.00000 ( 1)  0.054 +-  0.059
  13 V   0.99449 0.00550 0.00001 ( 1)  0.055 +-  0.071
  14 A   0.99449 0.00550 0.00001 ( 1)  0.055 +-  0.071
  15 E   0.99620 0.00380 0.00000 ( 1)  0.054 +-  0.059
  16 K   0.99616 0.00384 0.00000 ( 1)  0.054 +-  0.059
  17 E   0.99623 0.00377 0.00000 ( 1)  0.054 +-  0.058
  18 A   0.99449 0.00550 0.00001 ( 1)  0.055 +-  0.071
  19 K   0.99612 0.00387 0.00000 ( 1)  0.054 +-  0.059
  20 Q   0.99284 0.00714 0.00001 ( 1)  0.057 +-  0.080
  21 K   0.99615 0.00385 0.00000 ( 1)  0.054 +-  0.059
  22 E   0.99623 0.00377 0.00000 ( 1)  0.054 +-  0.058
  23 L   0.99449 0.00551 0.00001 ( 1)  0.055 +-  0.071
  24 S   0.99739 0.00261 0.00000 ( 1)  0.052 +-  0.049
  25 E   0.99623 0.00377 0.00000 ( 1)  0.054 +-  0.058
  26 K   0.99619 0.00381 0.00000 ( 1)  0.054 +-  0.059
  27 Q   0.99257 0.00741 0.00002 ( 1)  0.057 +-  0.082
  28 A   0.99449 0.00550 0.00001 ( 1)  0.055 +-  0.071
  29 T   0.99449 0.00550 0.00001 ( 1)  0.055 +-  0.071
  30 A   0.00000 0.02808 0.97192 ( 3)  2.500 +-  0.329
  31 A   0.02160 0.95734 0.02106 ( 2)  1.011 +-  0.258
  32 A   0.90029 0.09938 0.00033 ( 1)  0.145 +-  0.287
  33 T   0.99449 0.00550 0.00001 ( 1)  0.055 +-  0.071
  34 N   0.00000 0.20451 0.79549 ( 3)  2.220 +-  0.642
  35 H   0.04689 0.94639 0.00671 ( 2)  0.965 +-  0.236
  36 T   0.99449 0.00550 0.00001 ( 1)  0.055 +-  0.071
  37 D   0.94967 0.05027 0.00006 ( 1)  0.098 +-  0.208
  38 N   0.95059 0.04936 0.00005 ( 1)  0.097 +-  0.206
  39 G   0.99441 0.00558 0.00001 ( 1)  0.055 +-  0.071
  40 V   0.34506 0.65049 0.00444 ( 2)  0.679 +-  0.467
  41 G   0.99449 0.00550 0.00001 ( 1)  0.055 +-  0.071
  42 P   0.00000 0.04354 0.95646 ( 3)  2.476 +-  0.377
  43 E   0.99623 0.00377 0.00000 ( 1)  0.054 +-  0.058
  44 E   0.99604 0.00395 0.00000 ( 1)  0.054 +-  0.060
  45 E   0.99623 0.00377 0.00000 ( 1)  0.054 +-  0.058
  46 S   0.99739 0.00261 0.00000 ( 1)  0.052 +-  0.049
  47 V   0.00001 0.65066 0.34933 ( 2)  1.531 +-  0.731
  48 D   0.99742 0.00258 0.00000 ( 1)  0.052 +-  0.048
  49 P   0.99449 0.00550 0.00001 ( 1)  0.055 +-  0.071
  50 N   0.99742 0.00258 0.00000 ( 1)  0.052 +-  0.048
  51 R   0.99615 0.00385 0.00000 ( 1)  0.054 +-  0.059
  52 H   0.95021 0.04974 0.00006 ( 1)  0.097 +-  0.207
  53 A   0.89441 0.10521 0.00038 ( 1)  0.151 +-  0.295
  54 K   0.99623 0.00377 0.00000 ( 1)  0.054 +-  0.058
  55 R   0.99450 0.00550 0.00001 ( 1)  0.055 +-  0.071
  56 A   0.99449 0.00550 0.00001 ( 1)  0.055 +-  0.071
  57 S   0.99449 0.00550 0.00001 ( 1)  0.055 +-  0.071
  58 G   0.99449 0.00550 0.00001 ( 1)  0.055 +-  0.071
  59 G   0.21737 0.76823 0.01440 ( 2)  0.815 +-  0.441
  60 D   0.94609 0.05384 0.00007 ( 1)  0.101 +-  0.215
  61 I   0.99802 0.00198 0.00000 ( 1)  0.052 +-  0.042
  62 I   0.99623 0.00377 0.00000 ( 1)  0.054 +-  0.058
  63 G   0.99197 0.00801 0.00002 ( 1)  0.058 +-  0.085
  64 V   0.99449 0.00550 0.00001 ( 1)  0.055 +-  0.071
  65 Q   0.99284 0.00714 0.00001 ( 1)  0.057 +-  0.080
  66 G   0.99449 0.00550 0.00001 ( 1)  0.055 +-  0.071
  67 N   0.99742 0.00258 0.00000 ( 1)  0.052 +-  0.048
  68 P   0.99449 0.00550 0.00001 ( 1)  0.055 +-  0.071
  69 G   0.99440 0.00559 0.00001 ( 1)  0.055 +-  0.071
  70 K   0.99604 0.00395 0.00000 ( 1)  0.054 +-  0.060
  71 T   0.99449 0.00550 0.00001 ( 1)  0.055 +-  0.071
  72 K   0.99619 0.00381 0.00000 ( 1)  0.054 +-  0.059
  73 K   0.99623 0.00377 0.00000 ( 1)  0.054 +-  0.058
  74 G   0.99449 0.00550 0.00001 ( 1)  0.055 +-  0.071
  75 E   0.99612 0.00388 0.00000 ( 1)  0.054 +-  0.059
  76 L   0.98475 0.01517 0.00008 ( 1)  0.065 +-  0.118
  77 S   0.99742 0.00258 0.00000 ( 1)  0.052 +-  0.048
  78 I   0.99610 0.00390 0.00000 ( 1)  0.054 +-  0.059
  79 I   0.99623 0.00377 0.00000 ( 1)  0.054 +-  0.058
  80 P   0.89708 0.10256 0.00036 ( 1)  0.148 +-  0.292
  81 Y   0.31517 0.67914 0.00570 ( 2)  0.709 +-  0.461
  82 E   0.99623 0.00377 0.00000 ( 1)  0.054 +-  0.058
  83 I   0.99623 0.00377 0.00000 ( 1)  0.054 +-  0.058
  84 T   0.99449 0.00550 0.00001 ( 1)  0.055 +-  0.071
  85 L   0.98479 0.01512 0.00009 ( 1)  0.065 +-  0.118
  86 L   0.98475 0.01517 0.00008 ( 1)  0.065 +-  0.118
  87 S   0.99443 0.00556 0.00001 ( 1)  0.055 +-  0.071
  88 P   0.99449 0.00550 0.00001 ( 1)  0.055 +-  0.071
  89 C   0.99614 0.00386 0.00000 ( 1)  0.054 +-  0.059
  90 L   0.98953 0.01044 0.00003 ( 1)  0.060 +-  0.098
  91 H   0.99742 0.00258 0.00000 ( 1)  0.052 +-  0.048
  92 M   0.99907 0.00093 0.00000 ( 1)  0.051 +-  0.029
  93 L   0.98476 0.01516 0.00008 ( 1)  0.065 +-  0.118
  94 P   0.99449 0.00550 0.00001 ( 1)  0.055 +-  0.071
  95 H   0.99742 0.00258 0.00000 ( 1)  0.052 +-  0.048
  96 L   0.99449 0.00550 0.00001 ( 1)  0.055 +-  0.071
  97 H   0.99742 0.00258 0.00000 ( 1)  0.052 +-  0.048
  98 F   0.99742 0.00258 0.00000 ( 1)  0.052 +-  0.048
  99 G   0.99449 0.00550 0.00001 ( 1)  0.055 +-  0.071
 100 L   0.99441 0.00559 0.00001 ( 1)  0.055 +-  0.071
 101 K   0.99623 0.00377 0.00000 ( 1)  0.054 +-  0.058
 102 D   0.48456 0.51374 0.00170 ( 2)  0.542 +-  0.481
 103 K   0.99623 0.00377 0.00000 ( 1)  0.054 +-  0.058
 104 E   0.99623 0.00377 0.00000 ( 1)  0.054 +-  0.058
 105 T   0.99449 0.00550 0.00001 ( 1)  0.055 +-  0.071
 106 R   0.99525 0.00474 0.00001 ( 1)  0.055 +-  0.066
 107 Y   0.99450 0.00549 0.00001 ( 1)  0.055 +-  0.070
 108 R   0.89426 0.10536 0.00038 ( 1)  0.151 +-  0.295
 109 Q   0.99284 0.00714 0.00001 ( 1)  0.057 +-  0.080
 110 R   0.99450 0.00550 0.00001 ( 1)  0.055 +-  0.071
 111 Y   0.99450 0.00549 0.00001 ( 1)  0.055 +-  0.070
 112 L   0.98910 0.01086 0.00004 ( 1)  0.060 +-  0.100
 113 D   0.99739 0.00261 0.00000 ( 1)  0.052 +-  0.049
 114 L   0.98953 0.01044 0.00003 ( 1)  0.060 +-  0.098
 115 I   0.99623 0.00377 0.00000 ( 1)  0.054 +-  0.058
 116 L   0.98475 0.01516 0.00008 ( 1)  0.065 +-  0.118
 117 N   0.99742 0.00258 0.00000 ( 1)  0.052 +-  0.048
 118 D   0.99742 0.00258 0.00000 ( 1)  0.052 +-  0.048
 119 F   0.99728 0.00271 0.00000 ( 1)  0.053 +-  0.050
 120 V   0.99449 0.00550 0.00001 ( 1)  0.055 +-  0.071
 121 R   0.99622 0.00377 0.00000 ( 1)  0.054 +-  0.058
 122 Q   0.99284 0.00714 0.00001 ( 1)  0.057 +-  0.080
 123 K   0.99623 0.00377 0.00000 ( 1)  0.054 +-  0.058
 124 F   0.99742 0.00258 0.00000 ( 1)  0.052 +-  0.048
 125 I   0.99621 0.00378 0.00000 ( 1)  0.054 +-  0.058
 126 I   0.00144 0.96386 0.03470 ( 2)  1.050 +-  0.277
 127 R   0.89198 0.10761 0.00042 ( 1)  0.153 +-  0.298
 128 S   0.99449 0.00550 0.00001 ( 1)  0.055 +-  0.071
 129 K   0.99623 0.00377 0.00000 ( 1)  0.054 +-  0.058
 130 I   0.00000 0.13439 0.86561 ( 3)  2.332 +-  0.557
 131 I   0.00155 0.96664 0.03181 ( 2)  1.046 +-  0.266
 132 T   0.99449 0.00550 0.00001 ( 1)  0.055 +-  0.071
 133 Y   0.89703 0.10262 0.00035 ( 1)  0.148 +-  0.292
 134 I   0.99788 0.00212 0.00000 ( 1)  0.052 +-  0.044
 135 R   0.99366 0.00633 0.00001 ( 1)  0.056 +-  0.076
 136 S   0.99742 0.00258 0.00000 ( 1)  0.052 +-  0.048
 137 F   0.99737 0.00263 0.00000 ( 1)  0.052 +-  0.049
 138 L   0.00002 0.64191 0.35807 ( 2)  1.547 +-  0.739
 139 D   0.99741 0.00259 0.00000 ( 1)  0.052 +-  0.048
 140 E   0.92342 0.07641 0.00016 ( 1)  0.123 +-  0.254
 141 L   0.98475 0.01517 0.00008 ( 1)  0.065 +-  0.118
 142 G   0.99197 0.00801 0.00002 ( 1)  0.058 +-  0.085
 143 F   0.99739 0.00261 0.00000 ( 1)  0.052 +-  0.049
 144 L   0.98476 0.01516 0.00008 ( 1)  0.065 +-  0.118
 145 E   0.99623 0.00377 0.00000 ( 1)  0.054 +-  0.058
 146 I   0.92570 0.07414 0.00016 ( 1)  0.121 +-  0.251
 147 E   0.39527 0.60162 0.00312 ( 2)  0.629 +-  0.475
 148 T   0.80973 0.18908 0.00119 ( 1)  0.233 +-  0.380
 149 P   0.29556 0.69803 0.00641 ( 2)  0.729 +-  0.455
 150 M   0.97773 0.02226 0.00001 ( 1)  0.071 +-  0.140
 151 M   0.57998 0.41943 0.00059 ( 1)  0.450 +-  0.471
 152 N   0.00182 0.97411 0.02407 ( 2)  1.034 +-  0.233
 153 I   0.03000 0.95727 0.01273 ( 2)  0.990 +-  0.235
 154 I   0.02694 0.95829 0.01477 ( 2)  0.996 +-  0.239
 155 P   0.99449 0.00550 0.00001 ( 1)  0.055 +-  0.071
 156 A   0.01827 0.95616 0.02557 ( 2)  1.021 +-  0.271
 157 K   0.00049 0.93373 0.06579 ( 2)  1.098 +-  0.373
 158 P   0.99449 0.00550 0.00001 ( 1)  0.055 +-  0.071
 159 F   0.99737 0.00263 0.00000 ( 1)  0.052 +-  0.049
 160 I   0.29021 0.70423 0.00556 ( 2)  0.733 +-  0.450
 161 T   0.81182 0.18698 0.00119 ( 1)  0.231 +-  0.378
 162 Y   0.32734 0.66766 0.00501 ( 2)  0.696 +-  0.463
 163 H   0.46367 0.53463 0.00170 ( 2)  0.562 +-  0.480
 164 N   0.20949 0.78375 0.00677 ( 2)  0.811 +-  0.410
 165 E   0.36980 0.62671 0.00349 ( 2)  0.654 +-  0.471
 166 L   0.75280 0.24341 0.00379 ( 1)  0.290 +-  0.429
 167 D   0.99737 0.00263 0.00000 ( 1)  0.052 +-  0.049
 168 M   0.57998 0.41943 0.00059 ( 1)  0.450 +-  0.471
 169 N   0.41891 0.57853 0.00257 ( 2)  0.606 +-  0.478
 170 L   0.00044 0.85427 0.14529 ( 2)  1.219 +-  0.534
 171 Y   0.88613 0.11336 0.00052 ( 1)  0.159 +-  0.306
 172 M   0.97957 0.02043 0.00001 ( 1)  0.069 +-  0.135
 173 R   0.99450 0.00550 0.00001 ( 1)  0.055 +-  0.071
 174 I   0.00055 0.92618 0.07327 ( 2)  1.109 +-  0.393
 175 A   0.88956 0.11002 0.00042 ( 1)  0.156 +-  0.301
 176 P   0.99449 0.00550 0.00001 ( 1)  0.055 +-  0.071
 177 E   0.20938 0.78174 0.00888 ( 2)  0.814 +-  0.417
 178 L   0.88875 0.11081 0.00043 ( 1)  0.156 +-  0.302
 179 Y   0.89365 0.10596 0.00038 ( 1)  0.152 +-  0.296
 180 H   0.94793 0.05201 0.00006 ( 1)  0.100 +-  0.212
 181 K   0.17224 0.81846 0.00930 ( 2)  0.850 +-  0.392
 182 M   0.00000 0.90963 0.09037 ( 2)  1.135 +-  0.431
 183 L   0.99345 0.00653 0.00001 ( 1)  0.056 +-  0.077
 184 V   0.99449 0.00550 0.00001 ( 1)  0.055 +-  0.071
 185 V   0.99449 0.00550 0.00001 ( 1)  0.055 +-  0.071
 186 G   0.99449 0.00550 0.00001 ( 1)  0.055 +-  0.071
 187 G   0.99449 0.00550 0.00001 ( 1)  0.055 +-  0.071
 188 I   0.02664 0.95682 0.01654 ( 2)  0.999 +-  0.247
 189 D   0.94958 0.05036 0.00006 ( 1)  0.098 +-  0.209
 190 R   0.99204 0.00794 0.00002 ( 1)  0.058 +-  0.085
 191 V   0.99449 0.00550 0.00001 ( 1)  0.055 +-  0.071
 192 Y   0.30214 0.69160 0.00627 ( 2)  0.722 +-  0.458
 193 E   0.99623 0.00377 0.00000 ( 1)  0.054 +-  0.058
 194 I   0.99623 0.00377 0.00000 ( 1)  0.054 +-  0.058
 195 G   0.99197 0.00801 0.00002 ( 1)  0.058 +-  0.085
 196 R   0.32178 0.67287 0.00535 ( 2)  0.702 +-  0.462
 197 Q   0.99284 0.00714 0.00001 ( 1)  0.057 +-  0.080
 198 F   0.99742 0.00258 0.00000 ( 1)  0.052 +-  0.048
 199 R   0.86023 0.13896 0.00081 ( 1)  0.184 +-  0.335
 200 N   0.99742 0.00258 0.00000 ( 1)  0.052 +-  0.048
 201 E   0.99605 0.00395 0.00000 ( 1)  0.054 +-  0.060
 202 G   0.99413 0.00586 0.00001 ( 1)  0.056 +-  0.073
 203 I   0.99623 0.00377 0.00000 ( 1)  0.054 +-  0.058
 204 D   0.94629 0.05365 0.00007 ( 1)  0.101 +-  0.215
 205 L   0.98942 0.01054 0.00003 ( 1)  0.060 +-  0.098
 206 T   0.90161 0.09805 0.00034 ( 1)  0.144 +-  0.286
 207 H   0.99742 0.00258 0.00000 ( 1)  0.052 +-  0.048
 208 N   0.99739 0.00261 0.00000 ( 1)  0.052 +-  0.049
 209 P   0.99449 0.00550 0.00001 ( 1)  0.055 +-  0.071
 210 E   0.99623 0.00377 0.00000 ( 1)  0.054 +-  0.058
 211 F   0.99736 0.00264 0.00000 ( 1)  0.053 +-  0.049
 212 T   0.90133 0.09836 0.00032 ( 1)  0.144 +-  0.286
 213 T   0.99449 0.00550 0.00001 ( 1)  0.055 +-  0.071
 214 C   0.99623 0.00377 0.00000 ( 1)  0.054 +-  0.058
 215 E   0.99620 0.00380 0.00000 ( 1)  0.054 +-  0.059
 216 F   0.99739 0.00261 0.00000 ( 1)  0.052 +-  0.049
 217 Y   0.99450 0.00549 0.00001 ( 1)  0.055 +-  0.070
 218 M   0.99907 0.00093 0.00000 ( 1)  0.051 +-  0.029
 219 A   0.89992 0.09975 0.00033 ( 1)  0.146 +-  0.288
 220 Y   0.90124 0.09845 0.00031 ( 1)  0.144 +-  0.286
 221 A   0.99449 0.00550 0.00001 ( 1)  0.055 +-  0.071
 222 D   0.99740 0.00260 0.00000 ( 1)  0.052 +-  0.048
 223 Y   0.99450 0.00549 0.00001 ( 1)  0.055 +-  0.070
 224 H   0.04219 0.94946 0.00835 ( 2)  0.972 +-  0.236
 225 D   0.94709 0.05284 0.00007 ( 1)  0.100 +-  0.213
 226 L   0.00000 0.04293 0.95707 ( 3)  2.477 +-  0.375
 227 M   0.72378 0.27602 0.00020 ( 1)  0.313 +-  0.426
 228 E   0.99623 0.00377 0.00000 ( 1)  0.054 +-  0.058
 229 I   0.99623 0.00377 0.00000 ( 1)  0.054 +-  0.058
 230 T   0.34241 0.65276 0.00483 ( 2)  0.682 +-  0.467
 231 E   0.99623 0.00377 0.00000 ( 1)  0.054 +-  0.058
 232 K   0.39961 0.59727 0.00312 ( 2)  0.625 +-  0.476
 233 M   0.00452 0.98807 0.00741 ( 2)  1.007 +-  0.142
 234 V   0.90104 0.09864 0.00032 ( 1)  0.144 +-  0.286
 235 S   0.98830 0.01165 0.00005 ( 1)  0.061 +-  0.103
 236 G   0.01884 0.95491 0.02625 ( 2)  1.021 +-  0.275
 237 M   0.98049 0.01950 0.00001 ( 1)  0.069 +-  0.131
 238 V   0.99449 0.00550 0.00001 ( 1)  0.055 +-  0.071
 239 K   0.99623 0.00377 0.00000 ( 1)  0.054 +-  0.058
 240 H   0.99738 0.00262 0.00000 ( 1)  0.052 +-  0.049
 241 I   0.92906 0.07080 0.00014 ( 1)  0.118 +-  0.245
 242 T   0.99449 0.00550 0.00001 ( 1)  0.055 +-  0.071
 243 G   0.99433 0.00566 0.00001 ( 1)  0.055 +-  0.072
 244 S   0.00000 0.54950 0.45050 ( 2)  1.683 +-  0.760
 245 Y   0.99450 0.00549 0.00001 ( 1)  0.055 +-  0.070
 246 K   0.99615 0.00384 0.00000 ( 1)  0.054 +-  0.059
 247 V   0.00000 0.32494 0.67506 ( 3)  2.034 +-  0.733
 248 T   0.32188 0.67276 0.00536 ( 2)  0.702 +-  0.462
 249 Y   0.99450 0.00549 0.00001 ( 1)  0.055 +-  0.070
 250 H   0.99742 0.00258 0.00000 ( 1)  0.052 +-  0.048
 251 P   0.99449 0.00550 0.00001 ( 1)  0.055 +-  0.071
 252 D   0.95039 0.04956 0.00006 ( 1)  0.097 +-  0.207
 253 G   0.99449 0.00551 0.00001 ( 1)  0.055 +-  0.071
 254 P   0.99449 0.00550 0.00001 ( 1)  0.055 +-  0.071
 255 E   0.99623 0.00377 0.00000 ( 1)  0.054 +-  0.058
 256 G   0.89518 0.10445 0.00037 ( 1)  0.150 +-  0.294
 257 Q   0.99257 0.00741 0.00002 ( 1)  0.057 +-  0.082
 258 A   0.99449 0.00550 0.00001 ( 1)  0.055 +-  0.071
 259 Y   0.99450 0.00549 0.00001 ( 1)  0.055 +-  0.070
 260 D   0.00000 0.02479 0.97521 ( 3)  2.505 +-  0.318
 261 V   0.00159 0.96656 0.03185 ( 2)  1.046 +-  0.266
 262 D   0.94988 0.05005 0.00006 ( 1)  0.098 +-  0.208
 263 F   0.99742 0.00258 0.00000 ( 1)  0.052 +-  0.048
 264 T   0.99449 0.00550 0.00001 ( 1)  0.055 +-  0.071
 265 P   0.99449 0.00550 0.00001 ( 1)  0.055 +-  0.071
 266 P   0.99449 0.00550 0.00001 ( 1)  0.055 +-  0.071
 267 F   0.99739 0.00261 0.00000 ( 1)  0.052 +-  0.049
 268 R   0.85346 0.14538 0.00116 ( 1)  0.191 +-  0.344
 269 R   0.98575 0.01409 0.00016 ( 1)  0.064 +-  0.116
 270 I   0.99620 0.00380 0.00000 ( 1)  0.054 +-  0.059
 271 N   0.00000 0.79125 0.20875 ( 2)  1.314 +-  0.614
 272 M   0.99907 0.00093 0.00000 ( 1)  0.051 +-  0.029
 273 V   0.00000 0.03152 0.96848 ( 3)  2.494 +-  0.340
 274 E   0.99623 0.00377 0.00000 ( 1)  0.054 +-  0.058
 275 E   0.92844 0.07142 0.00014 ( 1)  0.118 +-  0.246
 276 L   0.99404 0.00596 0.00001 ( 1)  0.056 +-  0.073
 277 E   0.99623 0.00377 0.00000 ( 1)  0.054 +-  0.058
 278 K   0.92434 0.07550 0.00016 ( 1)  0.122 +-  0.253
 279 A   0.90021 0.09946 0.00033 ( 1)  0.145 +-  0.287
 280 L   0.00889 0.91718 0.07393 ( 2)  1.103 +-  0.407
 281 G   0.32083 0.67360 0.00557 ( 2)  0.703 +-  0.462
 282 M   0.00025 0.98490 0.01484 ( 2)  1.022 +-  0.181
 283 K   0.99619 0.00381 0.00000 ( 1)  0.054 +-  0.059
 284 L   0.98475 0.01516 0.00008 ( 1)  0.065 +-  0.118
 285 P   0.99449 0.00550 0.00001 ( 1)  0.055 +-  0.071
 286 E   0.40942 0.58791 0.00267 ( 2)  0.615 +-  0.476
 287 T   0.99449 0.00550 0.00001 ( 1)  0.055 +-  0.071
 288 N   0.04470 0.94651 0.00879 ( 2)  0.971 +-  0.243
 289 L   0.99449 0.00550 0.00001 ( 1)  0.055 +-  0.071
 290 F   0.99742 0.00258 0.00000 ( 1)  0.052 +-  0.048
 291 E   0.99623 0.00377 0.00000 ( 1)  0.054 +-  0.058
 292 T   0.99449 0.00550 0.00001 ( 1)  0.055 +-  0.071
 293 E   0.99623 0.00377 0.00000 ( 1)  0.054 +-  0.058
 294 E   0.00447 0.93675 0.05878 ( 2)  1.084 +-  0.360
 295 T   0.00270 0.88661 0.11069 ( 2)  1.164 +-  0.477
 296 R   0.00005 0.89268 0.10727 ( 2)  1.161 +-  0.467
 297 K   0.00000 0.48122 0.51878 ( 3)  1.789 +-  0.767
 298 I   0.03181 0.95613 0.01206 ( 2)  0.988 +-  0.235
 299 L   0.00000 0.72622 0.27378 ( 2)  1.414 +-  0.678
 300 D   0.00000 0.84491 0.15509 ( 2)  1.233 +-  0.546
 301 D   0.00240 0.97939 0.01820 ( 2)  1.025 +-  0.205
 302 I   0.00001 0.83887 0.16112 ( 2)  1.242 +-  0.555
 303 C   0.39311 0.60367 0.00322 ( 2)  0.631 +-  0.475
 304 V   0.00000 0.59684 0.40316 ( 2)  1.612 +-  0.751
 305 A   0.00000 0.38589 0.61411 ( 3)  1.941 +-  0.760
 306 K   0.00386 0.92436 0.07178 ( 2)  1.104 +-  0.394
 307 A   0.00091 0.93546 0.06363 ( 2)  1.095 +-  0.369
 308 V   0.90146 0.09822 0.00032 ( 1)  0.144 +-  0.286
 309 E   0.99623 0.00377 0.00000 ( 1)  0.054 +-  0.058
 310 C   0.99622 0.00378 0.00000 ( 1)  0.054 +-  0.058
 311 P   0.90021 0.09946 0.00033 ( 1)  0.145 +-  0.287
 312 P   0.89833 0.10131 0.00035 ( 1)  0.147 +-  0.290
 313 P   0.99449 0.00550 0.00001 ( 1)  0.055 +-  0.071
 314 R   0.99085 0.00912 0.00003 ( 1)  0.059 +-  0.091
 315 T   0.99449 0.00550 0.00001 ( 1)  0.055 +-  0.071
 316 T   0.99449 0.00550 0.00001 ( 1)  0.055 +-  0.071
 317 A   0.99449 0.00550 0.00001 ( 1)  0.055 +-  0.071
 318 R   0.99620 0.00380 0.00000 ( 1)  0.054 +-  0.059
 319 L   0.99449 0.00550 0.00001 ( 1)  0.055 +-  0.071
 320 L   0.99440 0.00559 0.00001 ( 1)  0.055 +-  0.071
 321 D   0.99726 0.00274 0.00000 ( 1)  0.053 +-  0.050
 322 K   0.99619 0.00381 0.00000 ( 1)  0.054 +-  0.059
 323 L   0.99449 0.00550 0.00001 ( 1)  0.055 +-  0.071
 324 V   0.99449 0.00550 0.00001 ( 1)  0.055 +-  0.071
 325 G   0.99440 0.00559 0.00001 ( 1)  0.055 +-  0.071
 326 E   0.93028 0.06958 0.00013 ( 1)  0.116 +-  0.243
 327 F   0.47121 0.52713 0.00167 ( 2)  0.555 +-  0.480
 328 L   0.98475 0.01517 0.00008 ( 1)  0.065 +-  0.118
 329 E   0.99619 0.00381 0.00000 ( 1)  0.054 +-  0.059
 330 V   0.33337 0.66159 0.00504 ( 2)  0.691 +-  0.465
 331 T   0.99449 0.00550 0.00001 ( 1)  0.055 +-  0.071
 332 C   0.99623 0.00377 0.00000 ( 1)  0.054 +-  0.058
 333 I   0.99623 0.00377 0.00000 ( 1)  0.054 +-  0.058
 334 N   0.99742 0.00258 0.00000 ( 1)  0.052 +-  0.048
 335 P   0.99449 0.00550 0.00001 ( 1)  0.055 +-  0.071
 336 T   0.99449 0.00550 0.00001 ( 1)  0.055 +-  0.071
 337 F   0.99742 0.00258 0.00000 ( 1)  0.052 +-  0.048
 338 I   0.99623 0.00377 0.00000 ( 1)  0.054 +-  0.058
 339 C   0.99623 0.00377 0.00000 ( 1)  0.054 +-  0.058
 340 D   0.99742 0.00258 0.00000 ( 1)  0.052 +-  0.048
 341 H   0.99742 0.00258 0.00000 ( 1)  0.052 +-  0.048
 342 P   0.99449 0.00550 0.00001 ( 1)  0.055 +-  0.071
 343 Q   0.99284 0.00714 0.00001 ( 1)  0.057 +-  0.080
 344 I   0.99802 0.00198 0.00000 ( 1)  0.052 +-  0.042
 345 M   0.98093 0.01907 0.00001 ( 1)  0.068 +-  0.130
 346 S   0.99739 0.00261 0.00000 ( 1)  0.052 +-  0.048
 347 P   0.99449 0.00550 0.00001 ( 1)  0.055 +-  0.071
 348 L   0.98859 0.01136 0.00005 ( 1)  0.061 +-  0.102
 349 A   0.99449 0.00550 0.00001 ( 1)  0.055 +-  0.071
 350 K   0.99620 0.00380 0.00000 ( 1)  0.054 +-  0.059
 351 W   0.09392 0.88598 0.02010 ( 2)  0.941 +-  0.355
 352 H   0.47782 0.52059 0.00159 ( 2)  0.548 +-  0.480
 353 R   0.90102 0.09866 0.00032 ( 1)  0.144 +-  0.286
 354 S   0.89736 0.10228 0.00035 ( 1)  0.148 +-  0.291
 355 K   0.99619 0.00380 0.00000 ( 1)  0.054 +-  0.059
 356 E   0.00154 0.96638 0.03208 ( 2)  1.046 +-  0.267
 357 G   0.90220 0.09749 0.00031 ( 1)  0.143 +-  0.285
 358 L   0.98475 0.01517 0.00008 ( 1)  0.065 +-  0.118
 359 T   0.99449 0.00550 0.00001 ( 1)  0.055 +-  0.071
 360 E   0.99623 0.00377 0.00000 ( 1)  0.054 +-  0.058
 361 R   0.30145 0.69219 0.00636 ( 2)  0.723 +-  0.458
 362 F   0.99742 0.00258 0.00000 ( 1)  0.052 +-  0.048
 363 E   0.99621 0.00379 0.00000 ( 1)  0.054 +-  0.058
 364 L   0.98457 0.01533 0.00009 ( 1)  0.065 +-  0.119
 365 F   0.94626 0.05367 0.00007 ( 1)  0.101 +-  0.215
 366 L   0.98475 0.01517 0.00008 ( 1)  0.065 +-  0.118
 367 N   0.99742 0.00258 0.00000 ( 1)  0.052 +-  0.048
 368 D   0.95043 0.04951 0.00005 ( 1)  0.097 +-  0.207
 369 P   0.99449 0.00550 0.00001 ( 1)  0.055 +-  0.071
 370 M   0.00000 0.13413 0.86587 ( 3)  2.331 +-  0.555
 371 R   0.00074 0.91777 0.08148 ( 2)  1.122 +-  0.413
 372 Q   0.87343 0.12601 0.00057 ( 1)  0.171 +-  0.320
 373 R   0.99193 0.00805 0.00002 ( 1)  0.058 +-  0.086
 374 Q   0.87559 0.12387 0.00054 ( 1)  0.169 +-  0.317
 375 L   0.30126 0.69234 0.00640 ( 2)  0.723 +-  0.458
 376 F   0.95046 0.04948 0.00006 ( 1)  0.097 +-  0.207
 377 E   0.92975 0.07012 0.00013 ( 1)  0.117 +-  0.244
 378 E   0.03409 0.95514 0.01077 ( 2)  0.984 +-  0.233
 379 Q   0.78137 0.21677 0.00186 ( 1)  0.260 +-  0.403

Positively selected sites

	Prob(w>1)  mean w

     1 N      0.677         2.034 +- 0.728
    30 A      0.972*        2.500 +- 0.329
    34 N      0.795         2.220 +- 0.642
    42 P      0.956*        2.476 +- 0.377
   130 I      0.866         2.332 +- 0.557
   226 L      0.957*        2.477 +- 0.375
   247 V      0.675         2.034 +- 0.733
   260 D      0.975*        2.505 +- 0.318
   273 V      0.968*        2.494 +- 0.340
   297 K      0.519         1.789 +- 0.767
   305 A      0.614         1.941 +- 0.760
   370 M      0.866         2.331 +- 0.555
