track type=wiggle_0 name="Cons 100 Verts" description="100 vertebrates Basewise Conservation by PhyloP"
#	output date: 2025-11-28 15:38:38 UTC
#	chrom specified: chr16
#	position specified: 75627895-75627993
#	This data has been compressed with a minor loss in resolution.
#	(Worst case: 0.121797)  The original source data
#	(before querying and compression) is available at 
#		http://hgdownload.soe.ucsc.edu/downloads.html
variableStep chrom=chr16 span=1
75627895	0.668551
75627896	2.42529
75627897	4.2496
75627898	1.00639
75627899	1.14152
75627900	2.42529
75627901	1.27665
75627902	4.655
75627903	4.28023
75627904	-0.26174
75627905	6.36708
75627906	2.6844
75627907	0.106528
75627908	1.33409
75627909	1.82511
75627910	-0.138984
75627911	0.106528
75627912	-0.87552
75627913	-0.998276
75627914	0.843063
75627915	-3.69891
75627916	0.229283
75627917	1.33409
75627918	2.6844
75627919	1.08857
75627920	-0.0162283
75627921	0.474795
75627922	-0.0162283
75627923	2.07062
75627924	2.07062
75627925	-1.98032
75627926	-1.4893
75627927	-1.73481
75627928	-5.663
75627929	0.352039
75627930	-1.12103
75627931	-1.98032
75627932	1.70235
75627933	1.82511
75627934	-0.138984
75627935	1.82511
75627936	-1.73481
75627937	-0.138984
75627938	0.597551
75627939	-2.22583
75627940	-1.4893
75627941	1.33409
75627942	-0.0162283
75627943	-0.0162283
75627944	0.352039
75627945	0.352039
75627946	0.352039
75627947	-0.0162283
75627948	1.45684
75627949	-0.384496
75627950	5.63054
75627951	5.50779
75627952	0.597551
75627953	4.03472
75627954	7.10361
75627955	0.720307
75627956	2.6844
75627957	5.50779
75627958	1.82511
75627959	7.10361
75627960	7.10361
75627961	0.843063
75627962	7.10361
75627963	7.10361
75627964	-1.85757
75627965	8.94495
75627966	8.94495
75627967	0.352039
75627968	7.10361
75627969	7.10361
75627970	7.10361
75627971	8.33117
75627972	7.10361
75627973	2.19338
75627974	8.94495
75627975	7.10361
75627976	-0.26174
75627977	8.94495
75627978	8.94495
75627979	3.05267
75627980	8.33117
75627981	8.33117
75627982	-0.0162283
75627983	8.33117
75627984	4.15747
75627985	0.229283
75627986	8.33117
75627987	4.77125
75627988	-0.26174
75627989	8.33117
75627990	7.10361
75627991	0.597551
75627992	7.10361
75627993	7.10361
#	output date: 2025-11-28 15:38:38 UTC
#	chrom specified: chr16
#	position specified: 75628569-75628712
#	This data has been compressed with a minor loss in resolution.
#	(Worst case: 0.121797)  The original source data
#	(before querying and compression) is available at 
#		http://hgdownload.soe.ucsc.edu/downloads.html
variableStep chrom=chr16 span=1
75628569	7.71739
75628570	7.84015
75628571	7.84015
75628572	1.70235
75628573	9.19046
75628574	7.84015
75628575	3.66645
75628576	7.84015
75628577	7.84015
75628578	0.474795
75628579	3.91196
75628580	7.84015
75628581	4.03472
75628582	9.80424
75628583	9.19046
75628584	2.19338
75628585	7.84015
75628586	5.99881
75628587	-5.663
75628588	9.80424
75628589	7.84015
75628590	0.352039
75628591	9.19046
75628592	7.96291
75628593	2.19338
75628594	9.19046
75628595	9.19046
75628596	7.84015
75628597	9.19046
75628598	7.84015
75628599	1.21133
75628600	7.96291
75628601	0.106528
75628602	2.6844
75628603	9.19046
75628604	0.474795
75628605	-2.83961
75628606	7.84015
75628607	6.48983
75628608	0.720307
75628609	7.84015
75628610	7.84015
75628611	0.229283
75628612	9.19046
75628613	6.12157
75628614	2.07062
75628615	7.84015
75628616	7.84015
75628617	7.84015
75628618	9.19046
75628619	7.84015
75628620	1.45684
75628621	7.84015
75628622	7.84015
75628623	6.12157
75628624	6.12157
75628625	9.19046
75628626	2.56165
75628627	7.84015
75628628	7.84015
75628629	-0.630008
75628630	6.73535
75628631	7.84015
75628632	-3.20788
75628633	9.927
75628634	7.84015
75628635	-1.98032
75628636	9.927
75628637	9.927
75628638	-0.630008
75628639	9.927
75628640	9.927
75628641	0.597551
75628642	9.19046
75628643	5.7533
75628644	-0.752764
75628645	7.84015
75628646	7.84015
75628647	-2.22583
75628648	7.84015
75628649	7.34913
75628650	-1.85757
75628651	7.84015
75628652	7.84015
75628653	0.597551
75628654	9.19046
75628655	6.36708
75628656	-0.87552
75628657	9.927
75628658	7.84015
75628659	-2.34859
75628660	5.63054
75628661	7.84015
75628662	2.07062
75628663	7.84015
75628664	9.19046
75628665	6.61259
75628666	7.34913
75628667	9.19046
75628668	1.33409
75628669	2.92991
75628670	7.84015
75628671	-1.24379
75628672	7.84015
75628673	7.84015
75628674	1.21133
75628675	7.84015
75628676	7.84015
75628677	-0.384496
75628678	9.19046
75628679	6.12157
75628680	3.42094
75628681	7.22637
75628682	5.01676
75628683	7.84015
75628684	9.19046
75628685	7.84015
75628686	3.29818
75628687	9.927
75628688	7.84015
75628689	0.965819
75628690	7.84015
75628691	7.84015
75628692	0.965819
75628693	7.84015
75628694	7.84015
75628695	-0.384496
75628696	7.84015
75628697	7.84015
75628698	0.229283
75628699	7.84015
75628700	7.84015
75628701	-0.630008
75628702	4.77125
75628703	7.84015
75628704	-0.752764
75628705	9.927
75628706	7.84015
75628707	0.720307
75628708	7.84015
75628709	7.84015
75628710	1.08857
75628711	9.927
75628712	7.84015
#	output date: 2025-11-28 15:38:38 UTC
#	chrom specified: chr16
#	position specified: 75629415-75629541
#	This data has been compressed with a minor loss in resolution.
#	(Worst case: 0.106563)  The original source data
#	(before querying and compression) is available at 
#		http://hgdownload.soe.ucsc.edu/downloads.html
variableStep chrom=chr16 span=1
75629415	4.81272
75629416	4.92013
75629417	7.92737
75629418	1.37587
75629419	9.968
75629420	7.81997
75629421	0.516661
75629422	7.92737
75629423	9.968
75629424	1.05367
75629425	7.92737
75629426	5.02753
75629427	0.301858
75629428	7.92737
75629429	7.81997
75629430	1.69808
75629431	9.21619
75629432	9.21619
75629433	-1.84617
75629434	9.21619
75629435	6.74595
75629436	3.3091
75629437	7.92737
75629438	4.92013
75629439	0.194457
75629440	6.10154
75629441	2.9869
75629442	3.3091
75629443	7.92737
75629444	9.968
75629445	1.05367
75629446	2.77209
75629447	3.4165
75629448	1.80548
75629449	7.39036
75629450	-0.772157
75629451	-0.557354
75629452	9.968
75629453	7.92737
75629454	1.05367
75629455	7.92737
75629456	7.81997
75629457	-0.664756
75629458	7.92737
75629459	7.92737
75629460	1.37587
75629461	9.21619
75629462	3.2017
75629463	1.37587
75629464	7.92737
75629465	7.81997
75629466	-3.24239
75629467	9.968
75629468	7.92737
75629469	3.63131
75629470	7.92737
75629471	9.21619
75629472	0.516661
75629473	9.968
75629474	6.10154
75629475	0.946268
75629476	7.92737
75629477	7.92737
75629478	1.91288
75629479	5.88674
75629480	7.17556
75629481	-0.557354
75629482	9.21619
75629483	0.624063
75629484	0.624063
75629485	7.92737
75629486	7.81997
75629487	2.12769
75629488	7.92737
75629489	7.92737
75629490	2.77209
75629491	4.16831
75629492	7.92737
75629493	7.81997
75629494	9.21619
75629495	7.92737
75629496	-0.127748
75629497	9.21619
75629498	4.92013
75629499	0.838866
75629500	9.21619
75629501	9.21619
75629502	-0.879559
75629503	9.21619
75629504	5.02753
75629505	0.624063
75629506	7.92737
75629507	7.81997
75629508	1.05367
75629509	9.21619
75629510	9.21619
75629511	0.838866
75629512	7.81997
75629513	7.92737
75629514	0.40926
75629515	7.92737
75629516	7.81997
75629517	-3.13499
75629518	9.968
75629519	7.92737
75629520	-0.127748
75629521	9.21619
75629522	6.85335
75629523	-0.557354
75629524	7.81997
75629525	7.81997
75629526	0.194457
75629527	1.80548
75629528	1.80548
75629529	1.05367
75629530	3.3091
75629531	1.37587
75629532	0.301858
75629533	4.06091
75629534	1.26847
75629535	0.516661
75629536	7.81997
75629537	7.49776
75629538	2.12769
75629539	7.92737
75629540	9.968
75629541	7.81997
#	output date: 2025-11-28 15:38:38 UTC
#	chrom specified: chr16
#	position specified: 75630423-75630508
#	This data has been compressed with a minor loss in resolution.
#	(Worst case: 0.118344)  The original source data
#	(before querying and compression) is available at 
#		http://hgdownload.soe.ucsc.edu/downloads.html
variableStep chrom=chr16 span=1
75630423	7.82104
75630424	7.34394
75630425	2.21509
75630426	7.94031
75630427	7.94031
75630428	0.306677
75630429	9.968
75630430	7.82104
75630431	0.545228
75630432	9.25235
75630433	0.306677
75630434	0.187402
75630435	9.968
75630436	9.968
75630437	1.26088
75630438	7.82104
75630439	7.94031
75630440	7.82104
75630441	9.25235
75630442	7.94031
75630443	0.78378
75630444	9.25235
75630445	4.1235
75630446	2.57291
75630447	7.94031
75630448	9.968
75630449	-2.79449
75630450	9.968
75630451	9.968
75630452	2.45364
75630453	7.94031
75630454	9.968
75630455	0.903055
75630456	7.94031
75630457	7.82104
75630458	2.33436
75630459	4.71987
75630460	6.03191
75630461	3.52712
75630462	9.25235
75630463	7.94031
75630464	4.95843
75630465	4.83915
75630466	9.25235
75630467	-5.18
75630468	9.968
75630469	6.15118
75630470	-0.170425
75630471	9.968
75630472	9.968
75630473	1.49943
75630474	3.40784
75630475	4.95843
75630476	8.05959
75630477	9.25235
75630478	6.15118
75630479	1.26088
75630480	7.82104
75630481	9.25235
75630482	-3.98724
75630483	6.62828
75630484	6.15118
75630485	-0.0511496
75630486	6.15118
75630487	6.03191
75630488	4.71987
75630489	7.82104
75630490	7.70176
75630491	0.306677
75630492	9.01379
75630493	2.21509
75630494	1.97654
75630495	9.01379
75630496	7.22466
75630497	-0.170425
75630498	7.82104
75630499	7.70176
75630500	-0.408976
75630501	7.70176
75630502	7.70176
75630503	-0.408976
75630504	9.01379
75630505	7.70176
75630506	0.425953
75630507	9.01379
75630508	4.36205
#	output date: 2025-11-28 15:38:38 UTC
#	chrom specified: chr16
#	position specified: 75631168-75631253
#	This data has been compressed with a minor loss in resolution.
#	(Worst case: 0.112805)  The original source data
#	(before querying and compression) is available at 
#		http://hgdownload.soe.ucsc.edu/downloads.html
variableStep chrom=chr16 span=1
75631168	3.40881
75631169	4.20466
75631170	7.95653
75631171	2.15819
75631172	7.95653
75631173	7.84283
75631174	0.225409
75631175	9.32084
75631176	6.70591
75631177	0.111717
75631178	9.32084
75631179	10.003
75631180	-0.456748
75631181	7.84283
75631182	4.09097
75631183	2.15819
75631184	8.07022
75631185	7.84283
75631186	-0.684134
75631187	8.18391
75631188	7.95653
75631189	1.36234
75631190	10.003
75631191	6.13744
75631192	-0.456748
75631193	7.84283
75631194	3.97728
75631195	1.36234
75631196	10.003
75631197	10.003
75631198	-0.684134
75631199	6.8196
75631200	2.27188
75631201	-0.00197638
75631202	10.003
75631203	10.003
75631204	1.02126
75631205	7.84283
75631206	9.32084
75631207	-0.115669
75631208	7.95653
75631209	7.84283
75631210	-0.115669
75631211	9.32084
75631212	2.72665
75631213	1.58972
75631214	-0.00197638
75631215	6.13744
75631216	2.27188
75631217	2.15819
75631218	7.95653
75631219	0.680181
75631220	2.72665
75631221	2.72665
75631222	-0.91152
75631223	1.58972
75631224	1.70342
75631225	2.61296
75631226	7.84283
75631227	9.32084
75631228	3.06773
75631229	9.32084
75631230	1.58972
75631231	-0.00197638
75631232	3.97728
75631233	2.15819
75631234	1.70342
75631235	7.95653
75631236	7.84283
75631237	-0.00197638
75631238	9.32084
75631239	4.43205
75631240	1.02126
75631241	7.50176
75631242	3.06773
75631243	0.225409
75631244	2.15819
75631245	6.13744
75631246	-0.00197638
75631247	7.84283
75631248	10.003
75631249	0.452795
75631250	8.07022
75631251	5.1142
75631252	1.9308
75631253	7.95653
#	output date: 2025-11-28 15:38:38 UTC
#	chrom specified: chr16
#	position specified: 75631416-75631589
#	This data has been compressed with a minor loss in resolution.
#	(Worst case: 0.112805)  The original source data
#	(before querying and compression) is available at 
#		http://hgdownload.soe.ucsc.edu/downloads.html
variableStep chrom=chr16 span=1
75631416	7.84283
75631417	2.49927
75631418	6.13744
75631419	7.84283
75631420	-1.13891
75631421	2.49927
75631422	4.77313
75631423	0.452795
75631424	5.1142
75631425	5.00051
75631426	0.225409
75631427	5.79636
75631428	7.50176
75631429	-0.115669
75631430	0.907567
75631431	4.31835
75631432	0.111717
75631433	1.02126
75631434	2.61296
75631435	-3.86754
75631436	5.79636
75631437	0.907567
75631438	-0.343055
75631439	4.88682
75631440	1.13495
75631441	-0.115669
75631442	10.003
75631443	10.003
75631444	0.452795
75631445	9.32084
75631446	4.43205
75631447	0.339102
75631448	6.13744
75631449	7.95653
75631450	0.793874
75631451	5.1142
75631452	0.452795
75631453	-1.59368
75631454	4.09097
75631455	7.84283
75631456	0.566488
75631457	9.32084
75631458	1.81711
75631459	0.111717
75631460	0.225409
75631461	1.9308
75631462	-0.00197638
75631463	1.70342
75631464	6.13744
75631465	2.61296
75631466	6.25113
75631467	6.02375
75631468	-0.00197638
75631469	9.32084
75631470	5.79636
75631471	0.680181
75631472	7.95653
75631473	7.84283
75631474	-0.00197638
75631475	1.70342
75631476	0.907567
75631477	-1.36629
75631478	7.27437
75631479	1.70342
75631480	7.84283
75631481	9.32084
75631482	6.02375
75631483	4.20466
75631484	2.27188
75631485	5.00051
75631486	1.13495
75631487	9.32084
75631488	2.0445
75631489	1.70342
75631490	1.36234
75631491	2.15819
75631492	0.111717
75631493	1.70342
75631494	5.68267
75631495	5.79636
75631496	9.32084
75631497	9.32084
75631498	-0.00197638
75631499	10.003
75631500	10.003
75631501	-1.93476
75631502	8.07022
75631503	10.003
75631504	-0.456748
75631505	8.07022
75631506	7.95653
75631507	4.88682
75631508	9.32084
75631509	9.32084
75631510	3.40881
75631511	7.95653
75631512	6.02375
75631513	0.566488
75631514	9.32084
75631515	2.72665
75631516	0.339102
75631517	7.95653
75631518	7.84283
75631519	-0.343055
75631520	-0.229362
75631521	3.6362
75631522	1.47603
75631523	5.56898
75631524	6.13744
75631525	1.36234
75631526	3.29512
75631527	2.72665
75631528	0.566488
75631529	7.84283
75631530	6.13744
75631531	0.566488
75631532	7.95653
75631533	6.13744
75631534	-0.684134
75631535	6.59221
75631536	7.95653
75631537	0.793874
75631538	7.84283
75631539	7.84283
75631540	0.680181
75631541	7.95653
75631542	7.84283
75631543	0.793874
75631544	10.003
75631545	10.003
75631546	0.793874
75631547	7.95653
75631548	10.003
75631549	0.680181
75631550	6.02375
75631551	7.50176
75631552	0.680181
75631553	4.31835
75631554	4.20466
75631555	0.339102
75631556	9.32084
75631557	0.339102
75631558	0.452795
75631559	6.13744
75631560	7.95653
75631561	2.0445
75631562	6.02375
75631563	9.32084
75631564	0.225409
75631565	4.88682
75631566	0.111717
75631567	-0.91152
75631568	7.84283
75631569	7.84283
75631570	-0.00197638
75631571	6.70591
75631572	6.25113
75631573	0.566488
75631574	9.32084
75631575	4.20466
75631576	1.36234
75631577	4.09097
75631578	5.56898
75631579	0.680181
75631580	5.00051
75631581	6.25113
75631582	1.58972
75631583	9.32084
75631584	7.84283
75631585	7.50176
75631586	8.86607
75631587	7.61545
75631588	-0.570441
75631589	7.50176
#	output date: 2025-11-28 15:38:38 UTC
#	chrom specified: chr16
#	position specified: 75631693-75631855
#	This data has been compressed with a minor loss in resolution.
#	(Worst case: 0.112805)  The original source data
#	(before querying and compression) is available at 
#		http://hgdownload.soe.ucsc.edu/downloads.html
variableStep chrom=chr16 span=1
75631693	7.84283
75631694	2.61296
75631695	10.003
75631696	9.32084
75631697	0.907567
75631698	9.32084
75631699	-0.115669
75631700	1.36234
75631701	9.32084
75631702	1.9308
75631703	1.58972
75631704	6.13744
75631705	6.13744
75631706	1.36234
75631707	7.95653
75631708	7.84283
75631709	-1.70737
75631710	9.88931
75631711	7.95653
75631712	2.84035
75631713	9.20715
75631714	7.95653
75631715	0.566488
75631716	7.95653
75631717	7.84283
75631718	6.02375
75631719	9.20715
75631720	7.95653
75631721	2.61296
75631722	9.20715
75631723	2.72665
75631724	0.111717
75631725	7.95653
75631726	7.84283
75631727	-0.343055
75631728	4.09097
75631729	1.24865
75631730	1.24865
75631731	7.95653
75631732	9.20715
75631733	2.72665
75631734	7.95653
75631735	7.84283
75631736	-0.115669
75631737	9.88931
75631738	7.84283
75631739	0.225409
75631740	7.95653
75631741	9.20715
75631742	0.566488
75631743	9.88931
75631744	7.84283
75631745	7.84283
75631746	9.20715
75631747	7.95653
75631748	4.77313
75631749	7.95653
75631750	9.20715
75631751	2.49927
75631752	9.20715
75631753	9.20715
75631754	0.339102
75631755	7.95653
75631756	7.84283
75631757	3.86358
75631758	7.84283
75631759	9.20715
75631760	1.81711
75631761	9.88931
75631762	7.95653
75631763	2.0445
75631764	9.88931
75631765	7.95653
75631766	5.00051
75631767	9.20715
75631768	9.20715
75631769	2.15819
75631770	7.95653
75631771	7.84283
75631772	0.452795
75631773	8.07022
75631774	9.88931
75631775	1.81711
75631776	7.95653
75631777	7.95653
75631778	1.58972
75631779	7.95653
75631780	9.88931
75631781	-0.00197638
75631782	9.88931
75631783	7.95653
75631784	0.907567
75631785	9.20715
75631786	2.38557
75631787	0.452795
75631788	6.13744
75631789	6.02375
75631790	-0.00197638
75631791	7.38806
75631792	7.95653
75631793	-1.2526
75631794	7.84283
75631795	7.84283
75631796	1.47603
75631797	7.95653
75631798	7.84283
75631799	0.111717
75631800	7.95653
75631801	7.95653
75631802	1.24865
75631803	7.84283
75631804	4.09097
75631805	9.88931
75631806	9.20715
75631807	9.20715
75631808	4.09097
75631809	7.95653
75631810	9.88931
75631811	-0.229362
75631812	7.84283
75631813	6.59221
75631814	-0.797827
75631815	7.84283
75631816	7.84283
75631817	0.680181
75631818	9.20715
75631819	3.40881
75631820	2.15819
75631821	7.95653
75631822	7.84283
75631823	2.95404
75631824	7.95653
75631825	9.20715
75631826	-0.115669
75631827	9.20715
75631828	6.13744
75631829	-0.115669
75631830	7.84283
75631831	4.09097
75631832	4.20466
75631833	7.95653
75631834	7.84283
75631835	-0.684134
75631836	9.20715
75631837	0.452795
75631838	0.111717
75631839	7.84283
75631840	7.84283
75631841	0.680181
75631842	7.84283
75631843	7.84283
75631844	0.225409
75631845	9.20715
75631846	7.84283
75631847	0.339102
75631848	9.20715
75631849	7.84283
75631850	0.566488
75631851	9.20715
75631852	4.65943
75631853	2.72665
75631854	9.20715
75631855	7.95653
#	output date: 2025-11-28 15:38:38 UTC
#	chrom specified: chr16
#	position specified: 75634173-75634292
#	This data has been compressed with a minor loss in resolution.
#	(Worst case: 0.105398)  The original source data
#	(before querying and compression) is available at 
#		http://hgdownload.soe.ucsc.edu/downloads.html
variableStep chrom=chr16 span=1
75634173	6.07255
75634174	7.98466
75634175	7.98466
75634176	1.29228
75634177	6.07255
75634178	10.003
75634179	2.67324
75634180	7.98466
75634181	9.2594
75634182	1.50473
75634183	9.2594
75634184	10.003
75634185	0.442449
75634186	7.98466
75634187	7.87843
75634188	0.229992
75634189	10.003
75634190	10.003
75634191	0.548677
75634192	10.003
75634193	7.87843
75634194	1.71719
75634195	9.2594
75634196	1.82342
75634197	0.761134
75634198	7.87843
75634199	2.67324
75634200	7.87843
75634201	9.2594
75634202	7.98466
75634203	0.229992
75634204	4.05421
75634205	9.2594
75634206	-0.407378
75634207	9.2594
75634208	2.99193
75634209	0.867362
75634210	7.98466
75634211	6.17878
75634212	7.87843
75634213	9.2594
75634214	7.98466
75634215	2.8857
75634216	7.98466
75634217	4.05421
75634218	0.33622
75634219	9.2594
75634220	2.56702
75634221	0.123764
75634222	7.98466
75634223	7.87843
75634224	-0.194921
75634225	7.98466
75634226	7.98466
75634227	3.6293
75634228	7.98466
75634229	10.003
75634230	0.442449
75634231	7.98466
75634232	3.20439
75634233	-0.93852
75634234	10.003
75634235	7.98466
75634236	3.31061
75634237	9.2594
75634238	2.67324
75634239	0.0175354
75634240	9.2594
75634241	9.2594
75634242	0.123764
75634243	10.003
75634244	10.003
75634245	0.33622
75634246	1.92965
75634247	5.01027
75634248	1.3985
75634249	10.003
75634250	7.87843
75634251	1.29228
75634252	7.55975
75634253	6.07255
75634254	-0.407378
75634255	10.003
75634256	7.87843
75634257	0.33622
75634258	7.87843
75634259	7.87843
75634260	-2.21326
75634261	7.87843
75634262	7.87843
75634263	-0.0886929
75634264	10.003
75634265	7.98466
75634266	2.24833
75634267	9.2594
75634268	5.01027
75634269	1.82342
75634270	9.2594
75634271	-0.30115
75634272	2.46079
75634273	7.98466
75634274	7.98466
75634275	7.87843
75634276	9.2594
75634277	7.98466
75634278	7.87843
75634279	9.2594
75634280	7.98466
75634281	0.761134
75634282	10.003
75634283	10.003
75634284	0.548677
75634285	10.003
75634286	7.98466
75634287	1.50473
75634288	7.98466
75634289	7.87843
75634290	0.442449
75634291	9.2594
75634292	3.41684
#	output date: 2025-11-28 15:38:38 UTC
#	chrom specified: chr16
#	position specified: 75635680-75635805
#	This data has been compressed with a minor loss in resolution.
#	(Worst case: 0.105547)  The original source data
#	(before querying and compression) is available at 
#		http://hgdownload.soe.ucsc.edu/downloads.html
variableStep chrom=chr16 span=1
75635680	7.59244
75635681	7.69882
75635682	7.59244
75635683	-0.279528
75635684	8.97535
75635685	1.84803
75635686	0.89063
75635687	8.97535
75635688	8.97535
75635689	0.145984
75635690	7.59244
75635691	7.59244
75635692	1.95441
75635693	7.06055
75635694	0.784252
75635695	1.10339
75635696	3.23094
75635697	2.06079
75635698	1.95441
75635699	7.69882
75635700	7.59244
75635701	0.0396063
75635702	8.97535
75635703	3.12457
75635704	1.74165
75635705	8.97535
75635706	8.97535
75635707	1.63528
75635708	2.06079
75635709	3.86921
75635710	-0.0667717
75635711	7.59244
75635712	3.65646
75635713	-0.17315
75635714	8.97535
75635715	1.10339
75635716	-0.811417
75635717	7.69882
75635718	8.97535
75635719	-0.279528
75635720	6.31591
75635721	7.69882
75635722	1.31614
75635723	8.97535
75635724	4.82661
75635725	2.16717
75635726	8.97535
75635727	5.89039
75635728	1.84803
75635729	7.69882
75635730	7.69882
75635731	0.35874
75635732	7.8052
75635733	2.27354
75635734	0.35874
75635735	7.59244
75635736	6.42228
75635737	3.4437
75635738	1.5289
75635739	1.5289
75635740	1.42252
75635741	8.97535
75635742	3.86921
75635743	1.20976
75635744	8.97535
75635745	8.97535
75635746	-0.279528
75635747	7.69882
75635748	7.69882
75635749	1.63528
75635750	7.69882
75635751	9.72
75635752	0.784252
75635753	5.89039
75635754	3.12457
75635755	3.23094
75635756	8.97535
75635757	7.59244
75635758	0.35874
75635759	1.10339
75635760	5.89039
75635761	2.27354
75635762	7.69882
75635763	7.59244
75635764	1.63528
75635765	7.69882
75635766	7.69882
75635767	0.997008
75635768	8.97535
75635769	3.4437
75635770	0.35874
75635771	8.97535
75635772	7.69882
75635773	2.37992
75635774	8.97535
75635775	3.33732
75635776	1.63528
75635777	7.69882
75635778	7.59244
75635779	2.37992
75635780	8.97535
75635781	0.89063
75635782	1.84803
75635783	7.69882
75635784	8.97535
75635785	0.145984
75635786	7.59244
75635787	1.84803
75635788	0.89063
75635789	7.69882
75635790	9.72
75635791	-0.598661
75635792	7.59244
75635793	7.69882
75635794	4.18835
75635795	1.42252
75635796	8.97535
75635797	-2.19433
75635798	7.59244
75635799	0.784252
75635800	-0.385906
75635801	9.72
75635802	7.69882
75635803	2.06079
75635804	7.69882
75635805	7.59244
#	output date: 2025-11-28 15:38:38 UTC
#	chrom specified: chr16
#	position specified: 75635912-75636098
#	This data has been compressed with a minor loss in resolution.
#	(Worst case: 0.114992)  The original source data
#	(before querying and compression) is available at 
#		http://hgdownload.soe.ucsc.edu/downloads.html
variableStep chrom=chr16 span=1
75635912	5.89039
75635913	7.69882
75635914	7.69882
75635915	3.97559
75635916	7.69882
75635917	7.59244
75635918	1.74165
75635919	7.69882
75635920	7.69882
75635921	3.86921
75635922	8.97535
75635923	7.91157
75635924	1.20976
75635925	7.59244
75635926	7.59244
75635927	1.20976
75635928	7.06055
75635929	8.97535
75635930	2.80543
75635931	7.69882
75635932	9.72
75635933	0.252362
75635934	8.97535
75635935	7.8052
75635936	2.16717
75635937	7.69882
75635938	9.72
75635939	0.997008
75635940	9.72
75635941	9.72
75635942	0.465118
75635943	8.97535
75635944	0.571496
75635945	7.59244
75635946	8.97535
75635947	7.69882
75635948	0.145984
75635949	7.69882
75635950	9.72
75635951	0.145984
75635952	8.97535
75635953	2.80543
75635954	1.20976
75635955	7.59244
75635956	8.97535
75635957	-0.385906
75635958	9.72
75635959	9.72
75635960	-0.17315
75635961	9.72
75635962	8.97535
75635963	0.35874
75635964	8.97535
75635965	1.95441
75635966	-0.0667717
75635967	8.97535
75635968	5.57126
75635969	-0.598661
75635970	2.80543
75635971	3.97559
75635972	1.20976
75635973	8.97535
75635974	4.93299
75635975	1.42252
75635976	7.69882
75635977	7.59244
75635978	-1.23693
75635979	1.31614
75635980	0.252362
75635981	1.31614
75635982	9.72
75635983	9.72
75635984	0.35874
75635985	8.97535
75635986	4.93299
75635987	3.12457
75635988	8.97535
75635989	4.93299
75635990	1.63528
75635991	7.59244
75635992	7.69882
75635993	3.12457
75635994	8.97535
75635995	4.08197
75635996	0.677874
75635997	7.69882
75635998	7.59244
75635999	-0.279528
75636000	7.59244
75636001	7.59244
75636002	1.84803
75636003	5.99677
75636004	7.69882
75636005	0.677874
75636006	4.93299
75636007	7.69882
75636008	1.42252
75636009	9.72
75636010	7.69882
75636011	0.677874
75636012	5.99677
75636013	7.69882
75636014	-0.385906
75636015	7.59244
75636016	7.59244
75636017	-0.17315
75636018	9.72
75636019	9.72
75636020	0.784252
75636021	4.08197
75636022	7.69882
75636023	-1.13055
75636024	7.59244
75636025	7.59244
75636026	0.465118
75636027	2.4863
75636028	3.01819
75636029	-0.17315
75636030	8.97535
75636031	5.89039
75636032	-0.0667717
75636033	7.59244
75636034	7.59244
75636035	1.42252
75636036	8.97535
75636037	3.97559
75636038	0.784252
75636039	8.97535
75636040	4.72024
75636041	3.97559
75636042	7.69882
75636043	7.59244
75636044	0.0396063
75636045	7.59244
75636046	7.59244
75636047	-0.0667717
75636048	7.59244
75636049	4.50748
75636050	-0.598661
75636051	4.82661
75636052	7.69882
75636053	0.35874
75636054	8.97535
75636055	5.46488
75636056	0.252362
75636057	5.89039
75636058	7.69882
75636059	3.97559
75636060	3.97559
75636061	5.99677
75636062	1.20976
75636063	7.69882
75636064	7.69882
75636065	1.31614
75636066	7.27331
75636067	2.69906
75636068	-0.385906
75636069	-0.0667717
75636070	2.69906
75636071	0.677874
75636072	3.55008
75636073	0.0396063
75636074	4.29472
75636075	6.8478
75636076	8.97535
75636077	0.145984
75636078	4.29472
75636079	5.89039
75636080	2.27354
75636081	7.69882
75636082	4.82661
75636083	-0.17315
75636084	7.69882
75636085	7.59244
75636086	-0.492283
75636087	9.72
75636088	7.06055
75636089	0.35874
75636090	4.72024
75636091	7.69882
75636092	0.677874
75636093	5.99677
75636094	8.97535
75636095	4.04102
75636096	1.72306
75636097	2.53435
75636098	0.564087
#	output date: 2025-11-28 15:38:38 UTC
#	chrom specified: chr16
#	position specified: 75636454-75636547
#	This data has been compressed with a minor loss in resolution.
#	(Worst case: 0.114992)  The original source data
#	(before querying and compression) is available at 
#		http://hgdownload.soe.ucsc.edu/downloads.html
variableStep chrom=chr16 span=1
75636454	3.11383
75636455	5.89538
75636456	1.72306
75636457	9.72
75636458	6.93846
75636459	1.37537
75636460	7.74974
75636461	7.74974
75636462	3.57743
75636463	9.72
75636464	7.63384
75636465	7.63384
75636466	9.02461
75636467	7.74974
75636468	0.91178
75636469	9.02461
75636470	4.8523
75636471	1.72306
75636472	7.74974
75636473	9.72
75636474	0.564087
75636475	9.02461
75636476	1.02768
75636477	0.679984
75636478	7.74974
75636479	7.74974
75636480	0.564087
75636481	7.28615
75636482	3.80922
75636483	-0.363094
75636484	7.63384
75636485	7.63384
75636486	0.91178
75636487	7.74974
75636488	7.63384
75636489	0.332291
75636490	7.63384
75636491	7.63384
75636492	1.95486
75636493	7.63384
75636494	6.47487
75636495	1.37537
75636496	9.02461
75636497	4.7364
75636498	1.83896
75636499	7.74974
75636500	7.63384
75636501	1.49127
75636502	7.74974
75636503	9.02461
75636504	3.92512
75636505	9.02461
75636506	9.02461
75636507	1.60717
75636508	9.02461
75636509	3.34563
75636510	0.564087
75636511	9.02461
75636512	9.72
75636513	0.795882
75636514	7.74974
75636515	7.74974
75636516	1.02768
75636517	5.19999
75636518	5.89538
75636519	-0.59489
75636520	7.63384
75636521	7.63384
75636522	0.91178
75636523	9.72
75636524	5.89538
75636525	0.216394
75636526	4.6205
75636527	4.7364
75636528	1.37537
75636529	7.63384
75636530	3.57743
75636531	1.95486
75636532	7.74974
75636533	7.74974
75636534	-0.363094
75636535	9.72
75636536	7.63384
75636537	0.91178
75636538	7.74974
75636539	9.72
75636540	1.37537
75636541	9.02461
75636542	2.53435
75636543	-0.59489
75636544	7.63384
75636545	4.04102
75636546	0.448189
75636547	7.63384
#	output date: 2025-11-28 15:38:38 UTC
#	chrom specified: chr16
#	position specified: 75640184-75640349
#	This data has been compressed with a minor loss in resolution.
#	(Worst case: 0.108648)  The original source data
#	(before querying and compression) is available at 
#		http://hgdownload.soe.ucsc.edu/downloads.html
variableStep chrom=chr16 span=1
75640184	7.60387
75640185	4.59883
75640186	9.643
75640187	3.31095
75640188	-0.0160551
75640189	8.89174
75640190	2.34505
75640191	-0.321858
75640192	0.116157
75640193	2.52524
75640194	0.116157
75640195	8.21945
75640196	2.63475
75640197	0.00665354
75640198	3.62028
75640199	2.19673
75640200	1.4302
75640201	4.0583
75640202	0.992189
75640203	1.10169
75640204	5.91987
75640205	4.71532
75640206	0.116157
75640207	3.62028
75640208	3.83929
75640209	0.00665354
75640210	8.98598
75640211	4.0583
75640212	0.992189
75640213	7.67193
75640214	9.643
75640215	0.335165
75640216	7.67193
75640217	7.56243
75640218	0.00665354
75640219	7.56243
75640220	7.56243
75640221	1.53971
75640222	6.46739
75640223	4.27731
75640224	1.53971
75640225	7.67193
75640226	7.67193
75640227	0.00665354
75640228	7.12441
75640229	2.63475
75640230	0.992189
75640231	5.91987
75640232	1.53971
75640233	0.882685
75640234	0.554173
75640235	1.4302
75640236	0.335165
75640237	3.83929
75640238	7.01491
75640239	0.116157
75640240	1.97772
75640241	0.992189
75640242	-0.212354
75640243	4.82483
75640244	0.773181
75640245	0.773181
75640246	8.87647
75640247	3.07276
75640248	2.19673
75640249	6.9054
75640250	8.87647
75640251	-0.212354
75640252	5.91987
75640253	2.96326
75640254	-0.65037
75640255	6.35788
75640256	5.81036
75640257	1.2112
75640258	8.87647
75640259	9.5335
75640260	-3.49747
75640261	7.56243
75640262	5.81036
75640263	0.992189
75640264	5.81036
75640265	-0.212354
75640266	1.75872
75640267	5.91987
75640268	4.71532
75640269	-3.27846
75640270	7.01491
75640271	5.81036
75640272	0.00665354
75640273	5.81036
75640274	7.56243
75640275	2.85376
75640276	3.51078
75640277	8.87647
75640278	0.773181
75640279	5.91987
75640280	5.91987
75640281	4.60582
75640282	5.91987
75640283	7.67193
75640284	-0.10285
75640285	7.67193
75640286	7.67193
75640287	2.19673
75640288	5.91987
75640289	7.01491
75640290	-4.264
75640291	7.67193
75640292	7.67193
75640293	0.663677
75640294	5.91987
75640295	2.41574
75640296	0.335165
75640297	7.56243
75640298	5.81036
75640299	-0.759874
75640300	0.554173
75640301	1.86822
75640302	0.444669
75640303	-0.759874
75640304	2.30624
75640305	1.53971
75640306	1.3207
75640307	0.882685
75640308	1.53971
75640309	5.81036
75640310	4.71532
75640311	1.10169
75640312	8.87647
75640313	2.52524
75640314	-0.540866
75640315	3.9488
75640316	4.82483
75640317	-0.540866
75640318	4.71532
75640319	5.15334
75640320	0.225661
75640321	8.87647
75640322	-0.212354
75640323	0.116157
75640324	7.67193
75640325	7.45292
75640326	0.444669
75640327	7.56243
75640328	5.37235
75640329	-0.321858
75640330	6.24838
75640331	3.72979
75640332	-0.212354
75640333	7.45292
75640334	7.67193
75640335	1.3207
75640336	7.01491
75640337	5.91987
75640338	3.07276
75640339	5.91987
75640340	4.71532
75640341	1.86822
75640342	0.225661
75640343	5.91987
75640344	2.08723
75640345	5.91987
75640346	8.87647
75640347	7.56243
75640348	7.56243
75640349	9.5335
#	output date: 2025-11-28 15:38:38 UTC
#	chrom specified: chr16
#	position specified: 75641564-75641723
#	This data has been compressed with a minor loss in resolution.
#	(Worst case: 0.119641)  The original source data
#	(before querying and compression) is available at 
#		http://hgdownload.soe.ucsc.edu/downloads.html
variableStep chrom=chr16 span=1
75641564	0.0941339
75641565	5.15861
75641566	5.15861
75641567	-0.147032
75641568	6.72618
75641569	6.72618
75641570	0.81763
75641571	5.15861
75641572	6.72618
75641573	0.576465
75641574	5.03802
75641575	0.576465
75641576	0.335299
75641577	-0.0264488
75641578	3.22928
75641579	0.214717
75641580	5.03802
75641581	6.6056
75641582	-0.147032
75641583	6.84676
75641584	6.72618
75641585	0.455882
75641586	6.84676
75641587	6.72618
75641588	-1.23228
75641589	4.31453
75641590	-0.870528
75641591	0.335299
75641592	-0.0264488
75641593	2.50579
75641594	0.0941339
75641595	1.0588
75641596	0.0941339
75641597	-0.267614
75641598	1.29996
75641599	2.50579
75641600	1.29996
75641601	3.22928
75641602	1.54113
75641603	-0.147032
75641604	3.8322
75641605	2.62637
75641606	0.0941339
75641607	0.455882
75641608	-1.11169
75641609	-0.388197
75641610	0.335299
75641611	-0.147032
75641612	-0.147032
75641613	3.1087
75641614	2.14404
75641615	0.214717
75641616	0.335299
75641617	3.8322
75641618	0.335299
75641619	1.17938
75641620	-0.267614
75641621	1.29996
75641622	1.90287
75641623	0.0941339
75641624	-0.629362
75641625	1.78229
75641626	-0.147032
75641627	-0.0264488
75641628	0.576465
75641629	-0.0264488
75641630	-1.35286
75641631	2.3852
75641632	-2.07635
75641633	-0.267614
75641634	6.36443
75641635	0.0941339
75641636	-0.147032
75641637	3.47045
75641638	3.47045
75641639	0.697047
75641640	0.214717
75641641	1.66171
75641642	-0.0264488
75641643	1.0588
75641644	0.81763
75641645	-0.99111
75641646	1.66171
75641647	5.52035
75641648	-0.147032
75641649	5.27919
75641650	5.03802
75641651	1.17938
75641652	2.98812
75641653	2.3852
75641654	2.02346
75641655	0.455882
75641656	3.22928
75641657	-0.267614
75641658	2.62637
75641659	3.22928
75641660	-0.0264488
75641661	7.44968
75641662	7.32909
75641663	-0.147032
75641664	4.67628
75641665	4.55569
75641666	0.697047
75641667	0.938213
75641668	2.98812
75641669	1.66171
75641670	3.8322
75641671	4.55569
75641672	-0.147032
75641673	6.24385
75641674	4.43511
75641675	-0.0264488
75641676	4.67628
75641677	7.32909
75641678	0.576465
75641679	4.55569
75641680	5.76152
75641681	0.697047
75641682	5.76152
75641683	7.32909
75641684	-0.388197
75641685	9.379
75641686	4.55569
75641687	-1.47344
75641688	2.3852
75641689	0.455882
75641690	0.0941339
75641691	7.44968
75641692	7.44968
75641693	2.86754
75641694	5.64094
75641695	4.55569
75641696	0.938213
75641697	5.64094
75641698	7.32909
75641699	-1.11169
75641700	9.379
75641701	7.32909
75641702	0.81763
75641703	7.44968
75641704	7.44968
75641705	-0.0264488
75641706	6.72618
75641707	1.29996
75641708	0.455882
75641709	5.64094
75641710	7.32909
75641711	0.214717
75641712	7.32909
75641713	3.71161
75641714	1.42054
75641715	5.76152
75641716	5.76152
75641717	-0.0264488
75641718	5.52035
75641719	7.44968
75641720	0.938213
75641721	5.76152
75641722	7.32909
75641723	4.79686
#	output date: 2025-11-28 15:38:38 UTC
#	chrom specified: chr16
#	position specified: 75644283-75644428
#	This data has been compressed with a minor loss in resolution.
#	(Worst case: 0.0717344)  The original source data
#	(before querying and compression) is available at 
#		http://hgdownload.soe.ucsc.edu/downloads.html
variableStep chrom=chr16 span=1
75644283	4.37167
75644284	4.37167
75644285	2.01568
75644286	2.37265
75644287	2.04813
75644288	4.43401
75644289	0.240654
75644290	2.04813
75644291	1.61434
75644292	2.91572
75644293	0.52985
75644294	5.157
75644295	1.68664
75644296	3.27722
75644297	2.48193
75644298	5.157
75644299	1.83124
75644300	1.25284
75644301	2.04813
75644302	0.168354
75644303	1.90354
75644304	4.43401
75644305	0.819047
75644306	2.77113
75644307	1.32514
75644308	2.84343
75644309	4.36171
75644310	1.25284
75644311	2.91572
75644312	1.54204
75644313	-0.0485433
75644314	2.98802
75644315	1.39744
75644316	1.32514
75644317	0.168354
75644318	0.240654
75644319	1.54204
75644320	-1.34993
75644321	0.240654
75644322	1.61434
75644323	0.168354
75644324	0.746748
75644325	0.746748
75644326	0.52985
75644327	0.168354
75644328	2.19273
75644329	0.457551
75644330	0.457551
75644331	3.85561
75644332	1.25284
75644333	1.46974
75644334	3.34952
75644335	2.69883
75644336	-0.0485433
75644337	1.90354
75644338	3.63872
75644339	0.168354
75644340	0.168354
75644341	0.0237559
75644342	0.746748
75644343	1.03594
75644344	2.19273
75644345	-0.410039
75644346	0.52985
75644347	2.48193
75644348	0.891346
75644349	1.75894
75644350	2.91572
75644351	0.168354
75644352	0.891346
75644353	2.77113
75644354	2.84343
75644355	1.83124
75644356	1.97583
75644357	1.32514
75644358	1.39744
75644359	3.78331
75644360	1.18054
75644361	0.746748
75644362	2.84343
75644363	1.97583
75644364	2.84343
75644365	2.04813
75644366	-0.33774
75644367	0.312953
75644368	0.240654
75644369	1.10824
75644370	1.32514
75644371	1.32514
75644372	2.84343
75644373	2.77113
75644374	1.25284
75644375	0.60215
75644376	0.52985
75644377	0.819047
75644378	2.84343
75644379	2.12043
75644380	0.0237559
75644381	0.819047
75644382	1.83124
75644383	2.48193
75644384	2.69883
75644385	0.457551
75644386	2.04813
75644387	1.18054
75644388	2.98802
75644389	0.0960551
75644390	1.97583
75644391	2.84343
75644392	0.746748
75644393	1.03594
75644394	2.55423
75644395	4.00021
75644396	2.48193
75644397	1.90354
75644398	0.819047
75644399	3.49412
75644400	3.42182
75644401	0.240654
75644402	0.52985
75644403	5.0847
75644404	3.85561
75644405	1.97583
75644406	0.52985
75644407	1.90354
75644408	0.168354
75644409	1.75894
75644410	-0.843835
75644411	0.457551
75644412	2.12043
75644413	1.83124
75644414	0.0960551
75644415	2.91572
75644416	1.97583
75644417	0.819047
75644418	0.312953
75644419	2.84343
75644420	0.312953
75644421	-0.988433
75644422	0.52985
75644423	4.28941
75644424	3.49412
75644425	1.32514
75644426	4.28941
75644427	3.56642
75644428	2.91572
